4.0
4.0
4.0
3.0
3.2
3.3333333333333335
3.4285714285714284
3.5
3.5555555555555554
3.6
3.6363636363636362
3.6666666666666665
3.3846153846153846
3.4285714285714284
3.466666666666667
3.5
3.2941176470588234
3.3333333333333335
3.3684210526315788
3.4
3.4285714285714284
3.4545454545454546
3.4782608695652173
3.5
3.52
3.5384615384615383
3.4074074074074074
3.4285714285714284
3.4482758620689653
3.466666666666667
3.4838709677419355
3.5
3.515151515151515
3.5294117647058822
3.5428571428571427
3.5555555555555554
3.5675675675675675
3.5789473684210527
3.58974358974359
3.5
3.4146341463414633
3.4285714285714284
3.3488372093023258
3.3636363636363638
3.2888888888888888
3.3043478260869565
3.3191489361702127
3.3333333333333335
3.3469387755102042
3.36
3.372549019607843
3.3846153846153846
3.3207547169811322
3.3333333333333335
3.272727272727273
3.2857142857142856
3.2280701754385963
3.2413793103448274
3.2542372881355934
3.2666666666666666
3.2131147540983607
3.161290322580645
3.1746031746031744
3.125
3.076923076923077
3.090909090909091
3.1044776119402986
3.1176470588235294
3.130434782608696
3.142857142857143
3.0985915492957745
3.111111111111111
3.0684931506849313
3.027027027027027
3.04
3.0526315789473686
3.064935064935065
3.076923076923077
3.088607594936709
3.1
3.111111111111111
3.1219512195121952
3.1325301204819276
3.0952380952380953
3.0588235294117645
3.0697674418604652
3.0344827586206895
3.0454545454545454
3.056179775280899
3.066666666666667
3.032967032967033
3.0434782608695654
3.053763440860215
3.0638297872340425
3.0736842105263156
3.0416666666666665
3.051546391752577
3.061224489795918
3.0707070707070705
3.08
3.089108910891089
3.0980392156862746
3.0679611650485437
3.076923076923077
3.085714285714286
3.0943396226415096
3.102803738317757
3.074074074074074
3.0825688073394497
3.090909090909091
3.063063063063063
3.0714285714285716
3.079646017699115
3.087719298245614
3.0956521739130434
3.103448275862069
3.111111111111111
3.0847457627118646
3.092436974789916
3.1
3.1074380165289255
3.1147540983606556
3.1219512195121952
3.129032258064516
3.136
3.111111111111111
3.1181102362204722
3.125
3.10077519379845
3.1076923076923078
3.114503816793893
3.121212121212121
3.0977443609022557
3.1044776119402986
3.111111111111111
3.1176470588235294
3.0948905109489053
3.101449275362319
3.079136690647482
3.085714285714286
3.0921985815602837
3.0985915492957745
3.104895104895105
3.111111111111111
3.089655172413793
3.095890410958904
3.1020408163265305
3.108108108108108
3.1140939597315436
3.12
3.1258278145695364
3.1052631578947367
3.111111111111111
3.116883116883117
3.1225806451612903
3.128205128205128
3.1337579617834397
3.1139240506329116
3.119496855345912
3.1
3.1055900621118013
3.111111111111111
3.1165644171779143
3.1219512195121952
3.1272727272727274
3.1325301204819276
3.1377245508982035
3.142857142857143
3.1479289940828403
3.152941176470588
3.1578947368421053
3.1627906976744184
3.167630057803468
3.1724137931034484
3.177142857142857
3.1818181818181817
3.1864406779661016
3.191011235955056
3.195530726256983
3.1777777777777776
3.18232044198895
3.1868131868131866
3.191256830601093
3.1739130434782608
3.1783783783783783
3.182795698924731
3.165775401069519
3.1702127659574466
3.1746031746031744
3.1578947368421053
3.162303664921466
3.1666666666666665
3.1709844559585494
3.154639175257732
3.158974358974359
3.163265306122449
3.16751269035533
3.1515151515151514
3.1557788944723617
3.16
3.1641791044776117
3.1485148514851486
3.1527093596059115
3.156862745098039
3.1414634146341465
3.145631067961165
3.1497584541062804
3.1538461538461537
3.1578947368421053
3.1619047619047618
3.146919431279621
3.150943396226415
3.1549295774647885
3.1588785046728973
3.1627906976744184
3.1666666666666665
3.152073732718894
3.1559633027522938
3.1598173515981736
3.1636363636363636
3.167420814479638
3.171171171171171
3.1748878923766815
3.1785714285714284
3.1822222222222223
3.185840707964602
3.1894273127753303
3.192982456140351
3.1790393013100435
3.1826086956521737
3.186147186147186
3.189655172413793
3.1931330472103006
3.1965811965811968
3.2
3.2033898305084745
3.2067510548523206
3.2100840336134455
3.213389121338912
3.216666666666667
3.203319502074689
3.206611570247934
3.2098765432098766
3.19672131147541
3.2
3.203252032520325
3.2064777327935223
3.2096774193548385
3.1967871485943773
3.2
3.2031872509960158
3.2063492063492065
3.2094861660079053
3.2125984251968505
3.2
3.203125
3.190661478599222
3.193798449612403
3.1969111969111967
3.2
3.203065134099617
3.2061068702290076
3.209125475285171
3.212121212121212
3.2150943396226417
3.218045112781955
3.2209737827715355
3.2238805970149254
3.2267657992565058
3.214814814814815
3.217712177121771
3.2205882352941178
3.2234432234432235
3.2262773722627736
3.229090909090909
3.2318840579710146
3.234657039711191
3.237410071942446
3.240143369175627
3.242857142857143
3.2455516014234878
3.234042553191489
3.222614840989399
3.2253521126760565
3.2280701754385963
3.230769230769231
3.2334494773519165
3.236111111111111
3.2249134948096887
3.2275862068965515
3.2302405498281788
3.219178082191781
3.2218430034129693
3.2244897959183674
3.227118644067797
3.2162162162162162
3.218855218855219
3.221476510067114
3.2240802675585285
3.2266666666666666
3.229235880398671
3.218543046357616
3.221122112211221
3.223684210526316
3.2131147540983607
3.2026143790849675
3.205211726384365
3.207792207792208
3.2103559870550162
3.2129032258064516
3.215434083601286
3.217948717948718
3.220447284345048
3.2229299363057327
3.212698412698413
3.2151898734177213
3.217665615141956
3.220125786163522
3.2225705329153604
3.225
3.2149532710280373
3.217391304347826
3.219814241486068
3.2222222222222223
3.2246153846153844
3.226993865030675
3.229357798165138
3.231707317073171
3.234042553191489
3.2363636363636363
3.226586102719033
3.2289156626506026
3.2312312312312312
3.2335329341317367
3.235820895522388
3.238095238095238
3.228486646884273
3.230769230769231
3.2330383480825957
3.235294117647059
3.2375366568914954
3.2280701754385963
3.2303206997084546
3.2325581395348837
3.234782608695652
3.2369942196531793
3.239193083573487
3.2413793103448274
3.232091690544413
3.2342857142857144
3.225071225071225
3.215909090909091
3.218130311614731
3.2203389830508473
3.222535211267606
3.2134831460674156
3.204481792717087
3.206703910614525
3.2089136490250696
3.2
3.2022160664819945
3.2044198895027622
3.206611570247934
3.208791208791209
3.210958904109589
3.2131147540983607
3.215258855585831
3.2065217391304346
3.1978319783197833
3.189189189189189
3.1913746630727764
3.193548387096774
3.195710455764075
3.197860962566845
3.2
3.202127659574468
3.2042440318302385
3.2063492063492065
3.1978891820580473
3.2
3.202099737532808
3.2041884816753927
3.206266318537859
3.2083333333333335
3.2103896103896106
3.2020725388601035
3.204134366925065
3.2061855670103094
3.2082262210796917
3.2102564102564104
3.21227621483376
3.2142857142857144
3.2162849872773536
3.218274111675127
3.220253164556962
3.2222222222222223
3.2241813602015115
3.2261306532663316
3.218045112781955
3.22
3.2219451371571073
3.2238805970149254
3.225806451612903
3.227722772277228
3.22962962962963
3.2216748768472905
3.2235872235872236
3.2254901960784315
3.227383863080685
3.229268292682927
3.2311435523114356
3.233009708737864
3.234866828087167
3.2270531400966185
3.2289156626506026
3.2211538461538463
3.2134292565947242
3.215311004784689
3.217183770883055
3.219047619047619
3.2209026128266034
3.2227488151658767
3.224586288416076
3.2264150943396226
3.228235294117647
3.220657276995305
3.2224824355971897
3.2242990654205608
3.226107226107226
3.227906976744186
3.2204176334106727
3.212962962962963
3.2055427251732103
3.207373271889401
3.2091954022988505
3.2110091743119265
3.2128146453089244
3.2146118721461185
3.216400911161731
3.2181818181818183
3.2199546485260773
3.2126696832579187
3.214446952595937
3.2162162162162162
3.208988764044944
3.210762331838565
3.203579418344519
3.1964285714285716
3.198218262806236
3.2
3.2017738359201773
3.2035398230088497
3.205298013245033
3.20704845814978
3.208791208791209
3.210526315789474
3.212253829321663
3.2139737991266375
3.215686274509804
3.208695652173913
3.210412147505423
3.2034632034632033
3.205183585313175
3.206896551724138
3.2086021505376343
3.2103004291845494
3.2119914346895073
3.213675213675214
3.215351812366738
3.217021276595745
3.218683651804671
3.2203389830508473
3.221987315010571
3.2236286919831225
3.216842105263158
3.2184873949579833
3.220125786163522
3.213389121338912
3.2150313152400836
3.216666666666667
3.20997920997921
3.211618257261411
3.2132505175983437
3.206611570247934
3.2082474226804125
3.2098765432098766
3.2032854209445585
3.2049180327868854
3.2065439672801634
3.2
3.2016293279022405
3.203252032520325
3.204868154158215
3.2064777327935223
3.208080808080808
3.2096774193548385
3.211267605633803
3.21285140562249
3.214428857715431
3.216
3.2175648702594812
3.2191235059760954
3.220675944333996
3.2222222222222223
3.223762376237624
3.225296442687747
3.2268244575936884
3.2283464566929134
3.2298624754420433
3.231372549019608
3.2250489236790605
3.2265625
3.220272904483431
3.2217898832684826
3.2233009708737863
3.2170542635658914
3.218568665377176
3.22007722007722
3.2215799614643545
3.2153846153846155
3.2092130518234163
3.210727969348659
3.2122370936902485
3.213740458015267
3.2076190476190476
3.209125475285171
3.210626185958254
3.212121212121212
3.213610586011342
3.2150943396226417
3.209039548022599
3.210526315789474
3.2120075046904315
3.2059925093632957
3.2074766355140185
3.208955223880597
3.202979515828678
3.197026022304833
3.198515769944341
3.2
3.201478743068392
3.195571955719557
3.197053406998158
3.198529411764706
3.2
3.2014652014652016
3.1956124314442413
3.18978102189781
3.191256830601093
3.192727272727273
3.1941923774954626
3.1956521739130435
3.1971066907775767
3.1985559566787005
3.2
3.2014388489208634
3.202872531418312
3.204301075268817
3.2057245080500896
3.2071428571428573
3.2085561497326203
3.209964412811388
3.2113676731793963
3.2056737588652484
3.207079646017699
3.208480565371025
3.2098765432098766
3.211267605633803
3.2056239015817223
3.2070175438596493
3.2084063047285465
3.2097902097902096
3.2041884816753927
3.1986062717770034
3.1930434782608694
3.1944444444444446
3.1889081455805894
3.190311418685121
3.1917098445595853
3.193103448275862
3.1944922547332184
3.195876288659794
3.1972555746140654
3.1986301369863015
3.1931623931623934
3.1945392491467577
3.1959114139693354
3.197278911564626
3.198641765704584
3.2
3.194585448392555
3.195945945945946
3.1973018549747048
3.191919191919192
3.19327731092437
3.1946308724832213
3.1892797319932997
3.190635451505017
3.1919866444073457
3.1933333333333334
3.194675540765391
3.1960132890365447
3.1907131011608625
3.19205298013245
3.193388429752066
3.1947194719471947
3.1960461285008237
3.1907894736842106
3.1855500821018063
3.180327868852459
3.181669394435352
3.183006535947712
3.1843393148450243
3.185667752442997
3.186991869918699
3.188311688311688
3.1896272285251217
3.190938511326861
3.1922455573505655
3.193548387096774
3.1884057971014492
3.189710610932476
3.1845906902086676
3.1858974358974357
3.1872
3.1884984025559104
3.189792663476874
3.1910828025477707
3.192368839427663
3.187301587301587
3.1822503961965136
3.1835443037974684
3.184834123222749
3.186119873817035
3.1811023622047245
3.1823899371069184
3.183673469387755
3.1786833855799372
3.179968701095462
3.175
3.1762870514820594
3.1713395638629285
3.172628304821151
3.1677018633540373
3.1689922480620156
3.170278637770898
3.1715610510046366
3.1728395061728394
3.174114021571649
3.1753846153846155
3.176651305683564
3.1779141104294477
3.1791730474732005
3.1743119266055047
3.1755725190839694
3.176829268292683
3.1780821917808217
3.1732522796352582
3.174506828528073
3.175757575757576
3.177004538577912
3.1722054380664653
3.1734539969834086
3.174698795180723
3.17593984962406
3.1771771771771773
3.1784107946026987
3.1736526946107784
3.1748878923766815
3.1761194029850746
3.1773472429210132
3.1785714285714284
3.179791976225854
3.1810089020771515
3.176296296296296
3.1775147928994083
3.178729689807976
3.1799410029498527
3.1811487481590572
3.1823529411764704
3.1776798825256973
3.1788856304985336
3.1800878477306003
3.181286549707602
3.1766423357664233
3.17201166180758
3.1673944687045124
3.1686046511627906
3.169811320754717
3.1710144927536232
3.1722141823444283
3.1734104046242773
3.1746031746031744
3.175792507204611
3.176978417266187
3.17816091954023
3.1793400286944045
3.180515759312321
3.1816881258941345
3.177142857142857
3.172610556348074
3.168091168091168
3.1635846372688476
3.164772727272727
3.1659574468085108
3.1671388101983005
3.1683168316831685
3.169491525423729
3.170662905500705
3.171830985915493
3.167369901547117
3.168539325842697
3.1697054698457223
3.1708683473389354
3.172027972027972
3.1731843575418996
3.174337517433752
3.1754874651810585
3.17663421418637
3.172222222222222
3.173370319001387
3.1745152354570636
3.1756569847856153
3.1767955801104972
3.1779310344827585
3.1790633608815426
3.174690508940853
3.1758241758241756
3.1769547325102883
3.1780821917808217
3.179206566347469
3.180327868852459
3.1759890859481583
3.1771117166212535
3.178231292517007
3.1793478260869565
3.1804613297150612
3.176151761517615
3.1772665764546684
3.1783783783783783
3.1794871794871793
3.1805929919137466
3.1816958277254375
3.182795698924731
3.1838926174496645
3.1849865951742626
3.1860776439089693
3.1818181818181817
3.1829105473965287
3.184
3.18508655126498
3.1861702127659575
3.187250996015936
3.1883289124668437
3.1841059602649007
3.17989417989418
3.1809775429326286
3.1820580474934035
3.1831357048748354
3.1789473684210527
3.1747700394218135
3.1758530183727034
3.176933158584535
3.1780104712041886
3.1790849673202612
3.174934725848564
3.1707953063885266
3.171875
3.1729518855656695
3.174025974025974
3.1699092088197145
3.1658031088082903
3.166882276843467
3.1627906976744184
3.1638709677419357
3.1649484536082473
3.166023166023166
3.167095115681234
3.16816431322208
3.169230769230769
3.1651728553137004
3.161125319693095
3.162196679438059
3.163265306122449
3.164331210191083
3.1603053435114505
3.161372299872935
3.1624365482233503
3.158428390367554
3.159493670886076
3.1605562579013906
3.1616161616161618
3.162673392181589
3.158690176322418
3.159748427672956
3.1608040201005023
3.161856963613551
3.162907268170426
3.1639549436795993
3.165
3.1660424469413235
3.1670822942643393
3.1631382316313825
3.1641791044776117
3.1652173913043478
3.166253101736973
3.16728624535316
3.1683168316831685
3.169344870210136
3.1703703703703705
3.1713933415536375
3.1724137931034484
3.1734317343173433
3.1744471744471743
3.1705521472392637
3.1715686274509802
3.167686658506732
3.1687041564792175
3.1648351648351647
3.1658536585365855
3.166869671132765
3.167883211678832
3.164034021871203
3.1650485436893203
3.166060606060606
3.1670702179176757
3.1680773881499396
3.1690821256038646
3.170084439083233
3.166265060240964
3.167268351383875
3.1634615384615383
3.164465786314526
3.160671462829736
3.161676646706587
3.1626794258373208
3.163679808841099
3.164677804295943
3.165673420738975
3.1619047619047618
3.1581450653983354
3.1543942992874108
3.155397390272835
3.156398104265403
3.157396449704142
3.15839243498818
3.1593860684769774
3.160377358490566
3.156654888103651
3.1576470588235295
3.1586368977673325
3.15962441314554
3.160609613130129
3.161592505854801
3.1625730994152046
3.163551401869159
3.164527421236873
3.160839160839161
3.157159487776484
3.158139534883721
3.1591173054587687
3.160092807424594
3.1610660486674393
3.162037037037037
3.1583815028901734
3.159353348729792
3.160322952710496
3.161290322580645
3.1622554660529345
3.1632183908045977
3.1641791044776117
3.165137614678899
3.1660939289805268
3.1670480549199085
3.1634285714285713
3.164383561643836
3.1653363740022806
3.1662870159453305
3.167235494880546
3.168181818181818
3.1691259931895575
3.165532879818594
3.1664779161947907
3.167420814479638
3.168361581920904
3.1693002257336342
3.165727170236753
3.1666666666666665
3.16310461192351
3.1640449438202247
3.1604938271604937
3.1614349775784754
3.1578947368421053
3.1588366890380315
3.155307262569832
3.15625
3.157190635451505
3.1581291759465477
3.1590656284760845
3.16
3.1564927857935627
3.152993348115299
3.1539313399778517
3.1548672566371683
3.1558011049723755
3.152317880794702
3.153252480705623
3.154185022026432
3.155115511551155
3.1516483516483516
3.1525795828759606
3.1535087719298245
3.154435925520263
3.1553610503282274
3.151912568306011
3.148471615720524
3.149400218102508
3.150326797385621
3.1512513601741023
3.152173913043478
3.1530944625407167
3.1496746203904555
3.1505958829902494
3.1471861471861473
3.148108108108108
3.14902807775378
3.145631067961165
3.146551724137931
3.147470398277718
3.1440860215053763
3.1450053705692804
3.1459227467811157
3.1468381564844585
3.143468950749465
3.140106951871658
3.141025641025641
3.141942369263607
3.142857142857143
3.143769968051118
3.1446808510638298
3.1455897980871415
3.1464968152866244
3.147401908801697
3.1483050847457625
3.149206349206349
3.1501057082452433
3.151003167898627
3.147679324894515
3.148577449947313
3.1452631578947368
3.141955835962145
3.138655462184874
3.1395592864637987
3.1362683438155137
3.13717277486911
3.1380753138075312
3.1389759665621733
3.139874739039666
3.1366006256517207
3.1375
3.138397502601457
3.139293139293139
3.1401869158878504
3.141078838174274
3.1419689119170986
3.1387163561076603
3.1396070320579113
3.1404958677685952
3.1372549019607843
3.134020618556701
3.1349124613800208
3.1358024691358026
3.1366906474820144
3.137577002053388
3.134358974358974
3.1311475409836067
3.1320368474923233
3.132924335378323
3.133810010214505
3.1346938775510202
3.1355759429153927
3.1323828920570267
3.133265513733469
3.1341463414634148
3.13502538071066
3.135902636916836
3.13677811550152
3.1376518218623484
3.1385237613751262
3.139393939393939
3.1402623612512612
3.1411290322580645
3.1379657603222557
3.1388329979879277
3.1396984924623115
3.1365461847389557
3.1374122367101305
3.1382765531062122
3.139139139139139
3.136
3.132867132867133
3.13373253493014
3.1345962113659023
3.135458167330677
3.1323383084577117
3.1332007952286283
3.134061569016882
3.130952380952381
3.1318136769078295
3.128712871287129
3.1295746785361027
3.130434782608696
3.131293188548865
3.128205128205128
3.1251231527093597
3.125984251968504
3.12291052114061
3.1237721021611002
3.124631992149166
3.1254901960784314
3.122428991185113
3.1193737769080236
3.1202346041055717
3.12109375
3.1219512195121952
3.1228070175438596
3.1236611489776047
3.124513618677043
3.121477162293489
3.122330097087379
3.119301648884578
3.12015503875969
3.117134559535334
3.117988394584139
3.114975845410628
3.111969111969112
3.112825458052073
3.113680154142582
3.1145332050048125
3.1153846153846154
3.112391930835735
3.113243761996161
3.1102588686481303
3.111111111111111
3.1119617224880383
3.112810707456979
3.113658070678128
3.1106870229007635
3.111534795042898
3.1123809523809522
3.1132254995242628
3.1140684410646386
3.1149097815764484
3.1157495256166983
3.1165876777251187
3.117424242424242
3.1182592242194893
3.11531190926276
3.1123701605288008
3.1132075471698113
3.114043355325165
3.1148775894538607
3.1157102539981185
3.1165413533834587
3.1173708920187795
3.1181988742964353
3.119025304592315
3.1161048689138577
3.116931711880262
3.1177570093457945
3.118580765639589
3.1194029850746268
3.1164958061509784
3.11731843575419
3.118139534883721
3.1189591078066914
3.1197771587743732
3.1205936920222634
3.1214087117701577
3.1222222222222222
3.1230342275670675
3.123844731977819
3.1246537396121883
3.125461254612546
3.126267281105991
3.1270718232044197
3.1278748850045996
3.1286764705882355
3.1294765840220387
3.126605504587156
3.1237396883593034
3.1245421245421245
3.121683440073193
3.1224862888482634
3.119634703196347
3.1204379562043796
3.121239744758432
3.122040072859745
3.1228389444949953
3.1236363636363635
3.120799273387829
3.1215970961887476
3.1187669990933817
3.119565217391304
3.1203619909502263
3.11754068716094
3.118337850045167
3.11913357400722
3.1199278629395852
3.120720720720721
3.1215121512151214
3.1223021582733814
3.123090745732255
3.1238779174147218
3.124663677130045
3.1254480286738353
3.1226499552372426
3.1234347048300535
3.124218051831993
3.125
3.1257805530776093
3.126559714795009
3.123775601068566
3.1245551601423487
3.1253333333333333
3.1261101243339255
3.126885536823425
3.127659574468085
3.1284322409211693
3.1256637168141594
3.12290008841733
3.1236749116607774
3.1209179170344217
3.1181657848324513
3.115418502202643
3.112676056338028
3.113456464379947
3.114235500878735
3.1150131694468834
3.1157894736842104
3.1130587204206837
3.1138353765323994
3.111111111111111
3.111888111888112
3.1126637554585153
3.113438045375218
3.1107236268526592
3.1114982578397212
3.112271540469974
3.1130434782608694
3.113814074717637
3.1145833333333335
3.1153512575888986
3.116117850953206
3.116883116883117
3.114186851211073
3.11495246326707
3.1157167530224523
3.116479723899914
3.117241379310345
3.114556416881998
3.1153184165232357
3.116079105760963
3.1168384879725086
3.117596566523605
3.118353344768439
3.1191088260497
3.1198630136986303
3.1206159110350726
3.1213675213675214
3.1221178479931684
3.1228668941979523
3.123614663256607
3.1209540034071552
3.1217021276595744
3.122448979591837
3.1197960917587086
3.1205432937181663
3.121289228159457
3.1220338983050846
3.119390347163421
3.1201353637901863
3.120879120879121
3.1216216216216215
3.1223628691983123
3.1197301854974704
3.1204717775905646
3.1178451178451176
3.118587047939445
3.119327731092437
3.120067170445004
3.120805369127517
3.121542330259849
3.1222780569514237
3.123012552301255
3.1237458193979935
3.1211361737677525
3.1218697829716193
3.122602168473728
3.1233333333333335
3.1240632805995006
3.124792013311148
3.1255195344970907
3.12624584717608
3.1269709543568465
3.127694859038143
3.128417564208782
3.129139072847682
3.129859387923904
3.1305785123966943
3.131296449215524
3.132013201320132
3.1327287716405605
3.1334431630971995
3.134156378600823
3.1348684210526314
3.132292522596549
3.129720853858785
3.130434782608696
3.1311475409836067
3.131859131859132
3.132569558101473
3.133278822567457
3.133986928104575
3.1346938775510202
3.135399673735726
3.132844335778321
3.1335504885993486
3.1342554922701384
3.1349593495934958
3.1324126726238832
3.133116883116883
3.1338199513381997
3.13452188006483
3.1352226720647773
3.132686084142395
3.1301535974130963
3.1308562197092082
3.131557707828894
3.132258064516129
3.129734085414988
3.1272141706924317
3.1279163314561544
3.1286173633440515
3.129317269076305
3.130016051364366
3.1307137129109863
3.1314102564102564
3.1321056845476383
3.1328
3.1302957633892885
3.130990415335463
3.131683958499601
3.1323763955342905
3.1330677290836655
3.1337579617834397
3.1312649164677806
3.1319554848966615
3.1326449563145355
3.13015873015873
3.1308485329103886
3.131537242472266
3.1322248614410135
3.1297468354430378
3.130434782608696
3.131121642969984
3.131807419100237
3.132492113564669
3.13317572892041
3.1338582677165356
3.1345397324940993
3.1352201257861636
3.135899450117832
3.1365777080062793
3.1372549019607843
3.1379310344827585
3.138606108065779
3.139280125195618
3.1399530883502735
3.140625
3.141295862607338
3.138845553822153
3.1395167575993765
3.1401869158878504
3.1408560311284046
3.141524105754277
3.1421911421911424
3.142857142857143
3.140418929402638
3.1410852713178294
3.1417505809450037
3.1424148606811144
3.1430781129157
3.143740340030912
3.1444015444015445
3.1419753086419755
3.1426368542791057
3.143297380585516
3.1439568899153194
3.144615384615385
3.1421983089930823
3.142857142857143
3.143514965464313
3.1411042944785277
3.1417624521072796
3.1424196018376724
3.1430757459831677
3.140672782874618
3.141329258976318
3.1389312977099237
3.139588100686499
3.1371951219512195
3.137852246763138
3.1354642313546424
3.1330798479087454
3.1337386018237083
3.134396355353075
3.1350531107739
3.1357088703563307
3.1363636363636362
3.133989401968206
3.13464447806354
3.132275132275132
3.1299093655589125
3.130566037735849
3.1312217194570136
3.1318764129615673
3.1325301204819276
3.130173062452972
3.130827067669173
3.131480090157776
3.1321321321321323
3.129782445611403
3.130434782608696
3.1310861423220975
3.1317365269461077
3.132385938668661
3.133034379671151
3.133681852128454
3.1313432835820896
3.131991051454139
3.1326378539493294
3.1332836932241253
3.1339285714285716
3.1345724907063195
3.135215453194651
3.1358574610244987
3.136498516320475
3.1371386212008896
3.137777777777778
3.138415988156921
3.13905325443787
3.139689578713969
3.140324963072378
3.138007380073801
3.135693215339233
3.1363301400147385
3.1369661266568483
3.137601177336277
3.138235294117647
3.135929463629684
3.1365638766519823
3.1371973587674247
3.1378299120234603
3.1355311355311355
3.1361639824304537
3.136795903438186
3.1374269005847952
3.1380569758948136
3.1386861313868613
3.1393143690736687
3.139941690962099
3.1405680990531684
3.138282387190684
3.136
3.136627906976744
3.1372549019607843
3.134978229317852
3.135605511240029
3.136231884057971
3.1339608979000726
3.1345875542691752
3.1352133044107013
3.1358381502890174
3.136462093862816
3.137085137085137
3.1377072819033884
3.138328530259366
3.138948884089273
3.139568345323741
3.137311286843997
3.1350574712643677
3.135678391959799
3.133428981348637
3.131182795698925
3.1318051575931234
3.1324266284896205
3.133047210300429
3.1336669049320944
3.1342857142857143
3.1349036402569594
3.1355206847360915
3.1332858161083394
3.133903133903134
3.1345195729537365
3.135135135135135
3.132906894100924
3.133522727272727
3.134137686302342
3.1319148936170214
3.1325301204819276
3.13314447592068
3.1337579617834397
3.1343705799151342
3.132155477031802
3.132768361581921
3.1333803810868033
3.1311706629055007
3.131782945736434
3.132394366197183
3.1330049261083746
3.1336146272855134
3.134223471539002
3.134831460674157
3.135438596491228
3.1360448807854135
3.1366503153468814
3.1372549019607843
3.1378586424072776
3.1384615384615384
3.1390635918937804
3.136871508379888
3.137473831123517
3.1380753138075312
3.1358885017421603
3.136490250696379
3.137091162143354
3.1376912378303197
3.1382904794996525
3.138888888888889
3.1394864677307424
3.1400832177531206
3.137907137907138
3.1357340720221605
3.136332179930796
3.136929460580913
3.1375259156876294
3.138121546961326
3.1387163561076603
3.139310344827586
3.1399035148173673
3.1404958677685952
3.1410874053682036
3.1416781292984868
3.1422680412371133
3.142857142857143
3.143445435827042
3.1440329218106995
3.1446196024674435
3.1452054794520548
3.1457905544147846
3.146374829001368
3.1442241968557756
3.1448087431693987
3.1426621160409556
3.1432469304229196
3.1438309475119293
3.1444141689373297
3.14499659632403
3.145578231292517
3.1434398368456833
3.141304347826087
3.139171758316361
3.1370420624151967
3.1376271186440676
3.138211382113821
3.1387948544346647
3.1393775372124493
3.1399594320486814
3.137837837837838
3.1384199864956113
3.1390013495276654
3.139581928523264
3.137466307277628
3.138047138047138
3.138627187079408
3.13920645595158
3.139784946236559
3.140362659503022
3.140939597315436
3.141515761234071
3.1420911528150133
3.142665773610181
3.143239625167336
3.1438127090301005
3.144385026737968
3.1449565798263195
3.145527369826435
3.1460973982655105
3.1466666666666665
3.1472351765489672
3.14780292942743
3.1457085828343314
3.146276595744681
3.146843853820598
3.147410358565737
3.1479761114797613
3.1485411140583555
3.1491053677932404
3.1496688741721854
3.1502316346790207
3.1481481481481484
3.148711169861203
3.1492734478203435
3.1498349834983497
3.1477572559366753
3.148319050758075
3.1462450592885376
3.1468071099407506
3.1473684210526316
3.1479289940828403
3.1484888304862024
3.149047931713723
3.1496062992125986
3.1501639344262293
3.1507208387942334
3.148657498362803
3.149214659685864
3.1497710922171356
3.150326797385621
3.1508817766165906
3.1488250652741514
3.1493803000652316
3.1473272490221644
3.1452768729641694
3.1458333333333335
3.143786597267404
3.141742522756827
3.142300194931774
3.142857142857143
3.143413367942894
3.1413748378728923
3.1393389500972133
3.139896373056995
3.140453074433657
3.1410090556274257
3.141564318034906
3.13953488372093
3.1400903808908973
3.1406451612903226
3.141199226305609
3.1417525773195876
3.142305215711526
3.142857142857143
3.1434083601286176
3.1439588688946016
3.1419396274887603
3.142490372272144
3.14047466324567
3.141025641025641
3.1390134529147984
3.139564660691421
3.140115163147793
3.1381074168797953
3.1386581469648562
3.1392081736909323
3.139757498404595
3.1403061224489797
3.1408540471637987
3.1388535031847136
3.139401654996817
3.1399491094147582
3.1404958677685952
3.1410419313850064
3.1415873015873017
3.1395939086294415
3.140139505389981
3.140684410646388
3.1412286257124764
3.1392405063291138
3.139784946236559
3.140328697850822
3.138344914718888
3.1363636363636362
3.136908517350158
3.137452711223203
3.135475740390674
3.136020151133501
3.134046570169918
3.1345911949685537
3.135135135135135
3.135678391959799
3.136220966729441
3.136762860727729
3.1373040752351096
3.137844611528822
3.1383844708829054
3.1389236545682104
3.1394621638524076
3.14
3.138038725796377
3.136079900124844
3.136618839675608
3.13715710723192
3.1376947040498444
3.1382316313823164
3.13627878033603
3.13681592039801
3.1373523927905533
3.137888198757764
3.1384233395406578
3.138957816377171
3.1370117792932426
3.137546468401487
3.138080495356037
3.1386138613861387
3.1391465677179964
3.1396786155747836
3.1402100061766522
3.140740740740741
3.1388032078963604
3.1393341553637484
3.139864448552064
3.1403940886699506
3.1409230769230767
3.1389913899138993
3.139520590043024
3.14004914004914
3.1405770411295273
3.1411042944785277
3.1416309012875536
3.142156862745098
3.140232700551133
3.138310893512852
3.1388379204892964
3.139364303178484
3.1398900427611482
3.137973137973138
3.1384990848078096
3.1365853658536587
3.1346739792809264
3.135200974421437
3.13572732805843
3.1362530413625302
3.1343465045592707
3.132442284325638
3.1305403764420157
3.1310679611650487
3.1315949060036385
3.1321212121212123
3.1326468806783767
3.1331719128329296
3.131276467029643
3.129383313180169
3.1274924471299093
3.1280193236714977
3.1261315630657815
3.126658624849216
3.127185051235684
3.127710843373494
3.1282360024081877
3.1263537906137184
3.126879134095009
3.1274038461538463
3.127927927927928
3.128451380552221
3.1289742051589684
3.129496402877698
3.130017974835231
3.1305389221556887
3.128665469778576
3.1291866028708135
3.1273161984459055
3.127837514934289
3.1283582089552238
3.1288782816229115
3.1293977340488968
3.129916567342074
3.1280524121500894
3.1285714285714286
3.1290898274836407
3.1296076099881094
3.1301247771836005
3.130641330166271
3.1311572700296737
3.131672597864769
3.132187314759929
3.132701421800948
3.133214920071048
3.1337278106508877
3.1342400946185687
3.1347517730496453
3.132900177200236
3.1334120425029517
3.133923303834808
3.134433962264151
3.1349440188568063
3.1354534746760896
3.1359623307828133
3.1341176470588237
3.134626690182246
3.132784958871915
3.133294186729301
3.131455399061033
3.131964809384164
3.1324736225087926
3.1329818394844757
3.1334894613583137
3.1316559391456993
3.1321637426900586
3.1326709526592635
3.130841121495327
3.1313485113835378
3.131855309218203
3.1323615160349854
3.132867132867133
3.1333721607454863
3.1338766006984864
3.1343804537521813
3.1325581395348836
3.1330621731551425
3.1335656213704994
3.134068485200232
3.1322505800464038
3.130434782608696
3.130938586326767
3.131441806601042
3.1319444444444446
3.1324465008675535
3.130635838150289
3.1311380704794916
3.131639722863741
3.1321407963069823
3.132641291810842
3.130835734870317
3.1313364055299537
3.1318364997121475
3.1300345224395856
3.1305347901092584
3.1310344827586207
3.131533601378518
3.1297359357060848
3.1302352266207687
3.1307339449541285
3.1312320916905443
3.129438717067583
3.1299370349170004
3.130434782608696
3.1309319611206403
3.1314285714285712
3.1319246145059965
3.132420091324201
3.132915002852253
3.1334093500570126
3.1316239316239316
3.132118451025057
3.132612407512806
3.130830489192264
3.131324616259238
3.131818181818182
3.1323111868256674
3.130533484676504
3.1310266591038003
3.131519274376417
3.132011331444759
3.132502831257078
3.132993774759479
3.1334841628959276
3.1339739966082534
3.1322033898305084
3.132693393562959
3.130925507900677
3.13141567963903
3.1319052987598646
3.132394366197183
3.130630630630631
3.1288688801350593
3.12710911136108
3.1275997751545814
3.1280898876404493
3.128579449747333
3.1290684624017957
3.129556926528323
3.1300448430493275
3.130532212885154
3.1310190369540876
3.131505316172356
3.1297539149888145
3.130240357741755
3.1284916201117317
3.1289782244556115
3.1294642857142856
3.1299498047964307
3.128205128205128
3.128690807799443
3.129175946547884
3.129660545353367
3.1301446051167963
3.130628126737076
3.131111111111111
3.1315935591338144
3.1320754716981134
3.1325568496949527
3.1330376940133036
3.133518005540166
3.131782945736434
3.1322634200332042
3.1327433628318584
3.1332227750138197
3.1337016574585634
3.131971286581999
3.1324503311258276
3.1329288472145613
3.133406835722161
3.133884297520661
3.1343612334801763
3.1326362135388
3.130913091309131
3.1291918636613523
3.1274725274725275
3.127951674903899
3.128430296377607
3.126714207350521
3.125
3.1254794520547944
3.1259583789704273
3.1264367816091956
3.1269146608315097
3.1273920174958993
3.1256830601092895
3.126160567995631
3.126637554585153
3.127114020731042
3.127589967284624
3.128065395095368
3.128540305010893
3.1290146978769733
3.129488574537541
3.1277868406742795
3.126086956521739
3.12656165127648
3.1248642779587406
3.125339120998372
3.123644251626898
3.124119241192412
3.124593716143012
3.125067677314564
3.1255411255411256
3.1260140616549488
3.1264864864864865
3.126958400864398
3.127429805615551
3.1279007015650295
3.128371089536138
3.1288409703504043
3.127155172413793
3.127625201938611
3.1280947255113025
3.128563743948359
3.129032258064516
3.1295002686727567
3.1278195488721803
3.128287707997853
3.128755364806867
3.1292225201072386
3.129689174705252
3.130155329405463
3.1306209850107067
3.1289459604066345
3.1294117647058823
3.1298770710849815
3.1303418803418803
3.130806193272824
3.1312700106723588
3.1296
3.1300639658848612
3.1283963771976557
3.126730564430245
3.127195316657797
3.127659574468085
3.1281233386496545
3.128586609989373
3.1290493892724376
3.129511677282378
3.129973474801061
3.1283138918345705
3.1287758346581875
3.1292372881355934
3.1296982530439386
3.13015873015873
3.130618720253834
3.13107822410148
3.131537242472266
3.1319957761351636
3.1324538258575196
3.130801687763713
3.129151291512915
3.1296101159114857
3.130068457082675
3.128421052631579
3.1288795370857443
3.1293375394321767
3.1297950604308986
3.130252100840336
3.130708661417323
3.12906610703043
3.127425275301521
3.1278825995807127
3.1283394447354635
3.1287958115183248
3.129251700680272
3.1297071129707112
3.1280710925248303
3.1264367816091956
3.1268929503916447
3.127348643006263
3.1278038601982265
3.1282586027111576
3.1266284523189163
3.125
3.1254554919312856
3.1259105098855358
3.124284971398856
3.1247401247401245
3.125194805194805
3.1256490134994808
3.1240269849507007
3.1224066390041494
3.1228615863141522
3.123316062176166
3.1216986017607455
3.122153209109731
3.122607346094154
3.1230610134436403
3.1214470284237725
3.1198347107438016
3.120289106866288
3.1207430340557276
3.11913357400722
3.1195876288659794
3.1200412158681092
3.120494335736354
3.120946989191971
3.1213991769547325
3.1218508997429306
3.1223021582733814
3.1227529532614278
3.1232032854209444
3.1236531554643405
3.124102564102564
3.1245515120451053
3.125
3.123399897593446
3.1238485158648923
3.124296675191816
3.1226993865030677
3.1231476750127745
3.121552604698672
3.1220010209290456
3.122448979591837
3.1228964813870475
3.123343527013252
3.1237901171676006
3.124236252545825
3.12264631043257
3.123092573753815
3.1235383833248602
3.1239837398373984
3.124428643981717
3.1248730964467004
3.1253170979198375
3.123732251521298
3.1221490116573745
3.122593718338399
3.123037974683544
3.123481781376518
3.123925139099646
3.122345803842265
3.120768064679131
3.121212121212121
3.121655729429581
3.1220988900100908
3.1205244578920825
3.120967741935484
3.1214105793450884
3.119838872104733
3.120281831907398
3.1207243460764587
3.119155354449472
3.1195979899497486
3.1200401808136613
3.1204819277108435
3.1209232313095834
3.1213640922768304
3.1218045112781954
3.1222444889779557
3.1226840260390585
3.123123123123123
3.1235617808904452
3.122
3.122438780609695
3.122877122877123
3.1213180229655517
3.121756487025948
3.1201995012468826
3.1206380857427716
3.1210762331838566
3.1215139442231075
3.1219512195121952
3.1223880597014926
3.1228244654400794
3.1232604373757455
3.1236959761549925
3.124131082423039
3.1245657568238214
3.125
3.1254338125929597
3.1258671952428148
3.12630014858841
3.126732673267327
3.127164769915883
3.1275964391691393
3.1280276816608996
3.1284584980237153
3.128888888888889
3.129318854886476
3.1277750370004935
3.128205128205128
3.1286347954657465
3.129064039408867
3.1294928606597736
3.12992125984252
3.130349237579931
3.1307767944936087
3.131203931203931
3.131630648330059
3.132056946489936
3.1324828263002944
3.132908288376655
3.131372549019608
3.131798138167565
3.1322233104799215
3.1326480665687715
3.131115459882583
3.1315403422982886
3.131964809384164
3.132388861748901
3.1328125
3.1332357247437774
3.131707317073171
3.1301803998049733
3.1306042884990255
3.1310277642474427
3.1314508276533592
3.12992700729927
3.130350194552529
3.1307729703451628
3.131195335276968
3.131617289946576
3.1320388349514565
3.1305191654536633
3.1309408341416103
3.131362094037809
3.12984496124031
3.128329297820823
3.128751210067764
3.1291727140783743
3.127659574468085
3.128081198646689
3.128502415458937
3.126991791405118
3.1274131274131274
3.125904486251809
3.1263259402121504
3.1267469879518073
3.1271676300578033
3.1256620125180548
3.126082771896054
3.1265031265031267
3.126923076923077
3.127342623738587
3.12776176753122
3.128180508881421
3.128598848368522
3.1270983213429258
3.12751677852349
3.126018207954001
3.1264367816091956
3.1268549545236954
3.1272727272727274
3.1257771401243426
3.1261950286806885
3.1247013855709507
3.1251193887297037
3.1255369928400953
3.1240458015267176
3.122556032427277
3.121067683508103
3.1214864221057645
3.1219047619047617
3.122322703474536
3.1227402473834442
3.123157394198764
3.123574144486692
3.1239904988123515
3.124406457739791
3.1248220218319886
3.1252371916508537
3.1256519677572308
3.1260663507109006
3.126480341070583
3.125
3.125414103170847
3.1258278145695364
3.126241134751773
3.126654064272212
3.125177137458668
3.125590179414542
3.126002831524304
3.1264150943396225
3.1268269684111267
3.125353440150801
3.125765426283561
3.1261770244821094
3.1265882352941174
3.1269990592662276
3.1274094969440527
3.1278195488721803
3.1282292155941755
3.1286384976525823
3.1290473955889255
3.127579737335835
3.1261134552273795
3.126522961574508
3.1269320843091335
3.1273408239700373
3.127749181094993
3.1281571562207673
3.1266947171575503
3.127102803738318
3.1275105091078936
3.1279178338001867
3.12832477834811
3.128731343283582
3.129137529137529
3.1276794035414723
3.128085700978109
3.1266294227188083
3.1270358306188926
3.127441860465116
3.127847512784751
3.1282527881040894
3.128657686948444
3.129062209842154
3.129466357308585
3.1298701298701297
3.1302735280482152
3.1306765523632993
3.129226493747105
3.1296296296296298
3.130032392410921
3.1285846438482885
3.128987517337032
3.129390018484288
3.1297921478060045
3.1301939058171744
3.128749423165667
3.129151291512915
3.127708621484555
3.128110599078341
3.128512206356518
3.128913443830571
3.1293143120110445
3.1278748850045996
3.1264367816091956
3.1268382352941178
3.12540192926045
3.125803489439853
3.1262046810463517
3.126605504587156
3.1270059605685465
3.1274060494958755
3.1278057718735686
3.128205128205128
3.1267734553775743
3.1253430924062213
3.1257430269775948
3.1243144424131626
3.124714481498401
3.1251141552511417
3.125513464171611
3.125912408759124
3.126310989512084
3.1267092069279854
3.1252847380410023
3.1256830601092895
3.126081019572144
3.126478616924477
3.1268758526603
3.1272727272727274
3.1276692412539755
3.128065395095368
3.126645483431684
3.1270417422867514
3.12562358276644
3.126019945602901
3.124603534209334
3.1231884057971016
3.1217745586238115
3.1221719457013575
3.1207598371777476
3.119349005424955
3.1197469498418435
3.120144534778681
3.1205417607223476
3.1209386281588447
3.1213351375732974
3.1217312894499547
3.122127084272195
3.120720720720721
3.121116614137776
3.1215121512151214
3.1201079622132255
3.120503597122302
3.1208988764044943
3.1212938005390836
3.1216883700044904
3.1220825852782763
3.1224764468371466
3.1228699551569505
3.123263110712685
3.1236559139784945
3.124048365427676
3.1244404655326767
3.124832214765101
3.1252236135957068
3.1256146624944123
3.1260053619302948
3.1263957123715946
3.1267857142857145
3.1271753681392234
3.127564674397859
3.126170307623718
3.126559714795009
3.1269487750556793
3.1255565449688336
3.1259457053849578
3.126334519572954
3.1249444197421075
3.1253333333333333
3.123944913371835
3.124333925399645
3.12294718153573
3.1233362910381546
3.1219512195121952
3.122340425531915
3.122729286663713
3.1231178033658105
3.121735281097831
3.1221238938053095
3.1225121627598407
3.12290008841733
3.1232876712328768
3.1236749116607774
3.1240618101545254
3.124448367166814
3.124834583149537
3.125220458553792
3.125605993829881
3.125991189427313
3.126376045794804
3.1267605633802815
3.1271447426308843
3.127528583992964
3.127912087912088
3.1282952548330405
3.1286780851998244
3.129060579455663
3.1294427380430014
3.1298245614035087
3.1302060499780797
3.130587204206836
3.1309680245291283
3.1313485113835378
3.1317286652078775
3.1321084864391953
3.1324879755137736
3.1311188811188813
3.1314984709480123
3.131877729257642
3.1305106940200784
3.1291448516579408
3.127780200610554
3.128160418482999
3.128540305010893
3.1289198606271778
3.12929908576404
3.1296779808529154
3.130056546324489
3.130434782608696
3.130812690134724
3.1311902693310163
3.129830655666522
3.1302083333333335
3.13058568329718
3.1309627059843885
3.1313394018205463
3.1299826689774695
3.1286271113035946
3.129004329004329
3.1293812202509734
3.129757785467128
3.1301340250756593
3.1305099394987037
3.1308855291576676
3.1312607944732296
3.1299093655589125
3.1285591026747195
3.1272100043122038
3.127586206896552
3.1279620853080567
3.128337639965547
3.128712871287129
3.1290877796901895
3.129462365591398
3.129836629406707
3.1302105715513537
3.1305841924398625
3.129240017174753
3.1296137339055794
3.12998712998713
3.130360205831904
3.130732961851693
3.1311053984575836
3.1314775160599573
3.131849315068493
3.1322207958921693
3.132591958939264
3.1312526720820864
3.1316239316239316
3.131994873985476
3.13065755764304
3.131028595817328
3.131399317406143
3.1317697228144987
3.130434782608696
3.1308052833404347
3.131175468483816
3.13154533844189
3.1319148936170214
3.130582730752871
3.129251700680272
3.1296217594560134
3.1282922684791843
3.126963906581741
3.127334465195246
3.1277047093763257
3.12637828668363
3.1267486222975838
3.1271186440677967
3.1257941550190598
3.126164267569856
3.124841303427846
3.1252115059221657
3.1238900634249473
3.1225697379543536
3.1212505280946345
3.1216216216216215
3.121992401857324
3.1223628691983123
3.1227330240404894
3.123102866779089
3.121786767804467
3.1204717775905646
3.120842105263158
3.121212121212121
3.121581825830879
3.1219512195121952
3.1223203026481716
3.122689075630252
3.123057538849223
3.123425692695214
3.12211498111624
3.120805369127517
3.121174004192872
3.121542330259849
3.1219103477167995
3.1222780569514237
3.1226454583507746
3.123012552301255
3.123379339188624
3.1237458193979935
3.124111993313832
3.1244778613199666
3.1248434237995824
3.1252086811352253
3.1255736337088025
3.125938281901585
3.1263026260942057
3.1266666666666665
3.127030403998334
3.127393838467943
3.1277569704535995
3.1281198003327786
3.1284823284823284
3.1271820448877805
3.1275446614042375
3.127906976744186
3.1266085512660857
3.1269709543568465
3.127333056822895
3.127694859038143
3.1263986738499794
3.1267605633802815
3.125465838509317
3.1258278145695364
3.1261894911046753
3.1248966087675765
3.12525837122778
3.12396694214876
3.1243287897562992
3.1230388109000824
3.1234007428807264
3.122112211221122
3.120824742268041
3.12118713932399
3.1215492377420686
3.1219110378912687
3.122272540139975
3.122633744855967
3.122994652406417
3.1233552631578947
3.1237155774763665
3.124075595727198
3.1227926078028747
3.123152709359606
3.123512515387772
3.1238720262510253
3.124231242312423
3.124590163934426
3.1249487914789023
3.1253071253071254
3.125665165779779
3.1243862520458263
3.1247443762781186
3.12346688470973
3.1238250919493256
3.1241830065359477
3.1245406288280932
3.1248979591836736
3.1252549979600164
3.1256117455138663
3.125968202201386
3.126324368378158
3.125050916496945
3.1254071661237783
3.1257631257631258
3.126118795768918
3.12647417649451
3.126829268292683
3.125558715969118
3.124289195775792
3.124644742184328
3.1233766233766236
3.12210953346856
3.1224655312246554
3.1228212403729225
3.1231766612641816
3.1235317942486835
3.1238866396761136
3.124241197895589
3.1245954692556634
3.1249494541043266
3.1253031527890056
3.125656565656566
3.126009693053312
3.12636253532499
3.126715092816788
3.127067365873336
3.1274193548387097
3.127771060056429
3.12812248186946
3.1284736206202175
3.1288244766505637
3.127565392354125
3.1279163314561544
3.1282669883393646
3.127009646302251
3.127360385697067
3.127710843373494
3.128061019670815
3.1268057784911716
3.127156036903329
3.127506014434643
3.127855711422846
3.128205128205128
3.128554265118142
3.128903122497998
3.12765106042417
3.1264
3.126749300279888
3.1270983213429258
3.1274470635237717
3.1277955271565494
3.1281437125748504
3.1284916201117317
3.1288392500997206
3.1291866028708135
3.1279394180948583
3.1266932270916334
3.1270410195141376
3.127388535031847
3.127735773975328
3.128082736674622
3.1268389662027833
3.1271860095389505
3.125943583631307
3.1262907069102464
3.126637554585153
3.126984126984127
3.127330424434748
3.127676447264076
3.1280221957986525
3.1283676703645007
3.128712871287129
3.129057798891528
3.1278195488721803
3.1281645569620253
3.1269276393831555
3.1272727272727274
3.1276175424733306
3.1279620853080567
3.126727200947493
3.1270718232044197
3.12741617357002
3.1261829652996846
3.124950729207726
3.123719464144996
3.1240645923591965
3.1244094488188976
3.124754033844943
3.125098347757671
3.125442390876917
3.1257861635220126
3.1261296660117877
3.126472898664572
3.126815861798194
3.1271585557299844
3.1275009807767753
3.1262745098039217
3.1266170129361033
3.126959247648903
3.127301214257736
3.126076742364918
3.124853228962818
3.1251956181533647
3.1255377395385215
3.125879593432369
3.1262211801484954
3.1265625
3.1253416634127293
3.1256830601092895
3.1260241904018726
3.126365054602184
3.1251461988304094
3.1254871395167574
3.1258278145695364
3.1261682242990654
3.126508369015181
3.1268482490272373
3.127187864644107
3.1275272161741836
3.127866303925379
3.128205128205128
3.1285436893203884
3.12888198757764
3.1292200232828873
3.1280062063615204
3.1283443195036837
3.1286821705426355
3.12901975978303
3.1293570875290473
3.1281455671699576
3.128482972136223
3.1288201160541584
3.1291569992266046
3.1294936219559335
3.1298299845440494
3.130166087292391
3.1305019305019304
3.1308375144731766
3.1296296296296298
3.1299652911685305
3.12875867386276
3.1290944123314066
3.12788906009245
3.1266846361185983
3.1254811393379525
3.12581762216237
3.126153846153846
3.1264898116109188
3.126825518831668
3.127160968113715
3.1259600614439322
3.126295585412668
3.126630851880276
3.1254315304948217
3.124233128834356
3.1245688003066308
3.124904214559387
3.1252393718881653
3.124042879019908
3.1243781094527363
3.1247130833970926
3.1250478011472276
3.125382262996942
3.1257164692395873
3.1260504201680672
3.1263841160748376
3.1267175572519084
3.1270507439908433
3.1273836765827614
3.127716355318338
3.1280487804878048
3.1283809523809523
3.1271896420411274
3.125999238675295
3.1263318112633183
3.1266641308482312
3.1269961977186314
3.1258076776890915
3.1261398176291793
3.1264717052791493
3.126803340926348
3.127134724857685
3.1274658573596357
3.1277967387182404
3.128127369219105
3.128457749147404
3.128787878787879
3.129117758424839
3.1279333838001513
3.1282633371169126
3.128593040847201
3.128922495274102
3.129251700680272
3.128069512655837
3.1283987915407856
3.1287278218195547
3.127547169811321
3.127876273104489
3.128205128205128
3.128533735393894
3.1288620949510175
3.129190207156309
3.1295180722891565
3.1298456906285286
3.128668171557562
3.127491538172245
3.1278195488721803
3.1266441187523486
3.1269722013523666
3.1273000375516333
3.126126126126126
3.126454033771107
3.126781695423856
3.12710911136108
3.1274362818590706
3.126264518546272
3.1265917602996254
3.1269187570198427
3.125748502994012
3.126075570520015
3.1264023934181004
3.126728971962617
3.1270553064275037
3.1273813970862907
3.1277072442120986
3.1280328480776407
3.1283582089552238
3.1286833271167476
3.12751677852349
3.1278419679463285
3.128166915052161
3.127001862197393
3.1273268801191363
3.1276516561220693
3.1279761904761907
3.126812941613983
3.1271375464684015
3.127461910070606
3.12778603268945
3.12810991459339
3.1284335560504823
3.128756957328386
3.129080118694362
3.1279199110122358
3.1267605633802815
3.127084105224157
3.127407407407407
3.1277304701962234
3.1265729089563288
3.126896041435442
3.1272189349112427
3.126062846580407
3.124907612712491
3.125230882896195
3.124076809453471
3.122923588039867
3.121771217712177
3.1220951678347473
3.1209439528023597
3.1212679690379654
3.1201179071481207
3.1189686924493554
3.117820324005891
3.118145012881855
3.1184694628403236
3.1187936741449063
3.1191176470588236
3.1179713340683572
3.118295371050698
3.118619170033052
3.118942731277533
3.1192660550458715
3.119589141599413
3.1199119911991198
3.1187683284457477
3.119091242213265
3.117948717948718
3.116807030391798
3.115666178623719
3.11452616172704
3.1148500365764447
3.1137111517367457
3.1140350877192984
3.114358786993058
3.114682249817385
3.11500547645126
3.115328467153285
3.114191900766144
3.1145149525893507
3.113379511483777
3.1137026239067054
3.114025500910747
3.1143481427530952
3.1146705496905716
3.1149927219796214
3.1153146598763186
3.1156363636363635
3.1159578335150853
3.116279069767442
3.1166000726480205
3.1169208424110386
3.117241379310345
3.1175616835994195
3.1178817555313745
3.118201595358956
3.1185212033345415
3.118840579710145
3.119159724737414
3.119478638667632
3.1183496199782845
3.1186685962373373
3.118987341772152
3.119305856832972
3.119624141669678
3.1184971098265897
3.1173708920187795
3.1176895306859205
3.1180079393720677
3.1183261183261184
3.1186440677966103
3.118961788031723
3.117837837837838
3.118155619596542
3.118473172488297
3.1187904967602593
3.1191075926592298
3.1194244604316546
3.1197411003236244
3.1186196980589505
3.1189363995688106
3.117816091954023
3.118132854578097
3.1184493898061736
3.117330462863294
3.116212338593974
3.1150950161348154
3.1139784946236557
3.1142959512719455
3.1146131805157595
3.113498030791264
3.112383679312813
3.1112701252236135
3.111587982832618
3.111905613156954
3.110793423874196
3.111111111111111
3.111428571428571
3.111745805069618
3.112062812276945
3.1123795932929004
3.1112696148359484
3.1115864527629236
3.111903064861012
3.1107944424652656
3.1096866096866096
3.11000355998576
3.110320284697509
3.1106367840626112
3.1109530583214795
3.1112691077141843
3.1115849324804548
3.1119005328596803
3.112215909090909
3.1125310614128505
3.112845990063875
3.113160695282015
3.1134751773049647
3.112371499468274
3.1126860382707298
3.1130003542330855
3.1133144475920678
3.113628318584071
3.113941967445152
3.1142553944110363
3.1145685997171144
3.1148815835984447
3.1151943462897527
3.1155068880254326
3.114406779661017
3.1147193787504412
3.115031757233592
3.1139329805996474
3.1142454160789845
3.1145576313006695
3.1148696264975335
3.115181401902078
3.1154929577464787
3.1158042942625834
3.116115411681914
3.1164263102356666
3.1167369901547115
3.117047451669596
3.1173576950105413
3.116262732701089
3.115168539325843
3.1154791154791153
3.1157894736842104
3.1160996141704667
3.1164095371669003
3.115317209954434
3.1156271899088996
3.1159369527145357
3.11624649859944
3.1165558277913896
3.1168649405178446
3.1157747464148304
3.116083916083916
3.116392869626005
3.1153039832285114
3.1156129933636048
3.1145251396648046
3.114834205933682
3.115143056524773
3.1154516916637602
3.115760111576011
3.116068316486581
3.116376306620209
3.1166840822013238
3.116991643454039
3.117298990602158
3.1176061238691717
3.1179130434782607
3.1168289290681503
3.115745568300313
3.1160528144544823
3.116359847169156
3.1166666666666667
3.1169732731690387
3.1172796668979874
3.117585848074922
3.117891816920943
3.1168110918544194
3.1171171171171173
3.1174229303775545
3.1177285318559558
3.1180339217722395
3.1183391003460206
3.1186440677966103
3.1189488243430152
3.1192533702039404
3.1195577055977886
3.1198618307426598
3.1201657458563536
3.1204694511563686
3.119392684610076
3.1183166609175577
3.1186206896551725
3.1189245087900725
3.1192281185389388
3.1195315191181536
3.1198347107438016
3.1187607573149743
3.11906400550585
3.1179910560715514
3.1182943603851445
3.118597456170505
3.1189003436426117
3.117828924768121
3.118131868131868
3.118434603501545
3.1187371310912835
3.1190394511149226
3.119341563786008
3.119643469317792
3.1185743660041125
3.118876327509421
3.1191780821917807
3.1194796302636085
3.1197809719370295
3.11871365035922
3.119015047879617
3.1193162393162392
3.1196172248803826
3.119918004783054
3.120218579234973
3.119153294639809
3.118088737201365
3.118389628113272
3.1186903137789903
3.1189907944084556
3.1192910702113155
3.1195911413969335
3.1185286103542236
3.118828736806265
3.119128658951668
3.1194283769989792
3.1197278911564625
3.120027201632098
3.1203263086335826
3.120625212368332
3.120923913043478
3.1198641765704584
3.120162932790224
3.1191041737360026
3.1194029850746268
3.1183452017633098
3.1172881355932205
3.1175872585564215
3.1178861788617884
3.118184896715205
3.118483412322275
3.118781725888325
3.1177266576454667
3.118025025363544
3.1183231913455036
3.118621155795877
3.118918918918919
3.1192164809186087
3.1195138419986495
3.1198110023624706
3.1201079622132255
3.1204047217537942
3.1207012811867836
3.1209976407145263
3.1212938005390836
3.121589760862243
3.1218855218855217
3.122181083810165
3.1224764468371466
3.1227716111671713
3.1230665770006727
3.123361344537815
3.1236559139784945
3.1226066509909303
3.1229012760241774
3.123195703256126
3.123489932885906
3.1237839651123784
3.1240778001341383
3.124371438149514
3.123324396782842
3.1222780569514237
3.1225720026791697
3.1228657515902243
3.1231593038821956
3.1234526597524255
3.1237458193979935
3.1240387830157137
3.122994652406417
3.1232876712328768
3.1222444889779557
3.122537562604341
3.12283044058745
3.1217884551217883
3.1220813875917277
3.121040346782261
3.1213333333333333
3.121626124625125
3.1205862758161227
3.120879120879121
3.1211717709720372
3.1214642262895174
3.121756487025948
3.1207183239108747
3.1210106382978724
3.1199734130940513
3.120265780730897
3.1205579541680506
3.1208499335989375
3.1211417192167277
3.1201061712010616
3.120398009950249
3.1193633952254642
3.119655286708651
3.119946984758118
3.1202384895660815
3.119205298013245
3.119496855345912
3.1197882197220386
3.1200793913331126
3.1203703703703702
3.1206611570247933
3.119629874421679
3.1185992732077965
3.11889035667107
3.1191812479366128
3.1194719471947194
3.1184427581656218
3.1174142480211082
3.1177052423343223
3.117996044825313
3.1182866556836903
3.1185770750988144
3.1188673032597958
3.117840684660961
3.1181309641329387
3.1184210526315788
3.1187109503452812
3.1176857330703482
3.1179756818928688
3.1182654402102497
3.1185550082101807
3.118844386080105
3.11913357400722
3.1194225721784776
3.1197113807805836
3.12
3.1202884300229434
3.1205766710353866
3.1208647232230593
3.1211525867714474
3.1214402618657937
3.1204188481675392
3.1207065750736014
3.120994113799869
3.1212814645308926
3.1215686274509804
3.1218556027442013
3.122142390594383
3.122428991185113
3.122715404699739
3.12300163132137
3.121983039791259
3.1222693185523314
3.122555410691004
3.1228413163897035
3.121824104234528
3.122110061869098
3.1223958333333335
3.121379759192971
3.121665582303188
3.1219512195121952
3.1222366710013003
3.122521936951576
3.1228070175438596
3.1230919129587527
3.1233766233766236
3.1223628691983123
3.1226476314081766
3.1229322088874474
3.1232166018158236
3.122204213938412
3.1224886584575504
3.122772918691286
3.123056994818653
3.1233408870184527
3.1236245954692556
3.1239081203494017
3.1241914618369986
3.124474620109926
3.1247575953458306
3.1250403877221324
3.1253229974160206
3.12431385211495
3.1245965138799225
3.1248789932236205
3.1251612903225805
3.1254434053531117
3.125725338491296
3.1260070899129873
3.125
3.125281803542673
3.125563425627817
3.1258448664306404
3.124839124839125
3.125120617561917
3.12540192926045
3.124397299903568
3.1233933161953726
3.1236749116607774
3.123956326268465
3.1242375601926162
3.1245186136071887
3.124799486685916
3.1237973059653625
3.1240782302019876
3.1243589743589744
3.12463953860942
3.124919923126201
3.123919308357349
3.1241997439180538
3.12448
3.124760076775432
3.1250399744163735
3.125319693094629
3.1255992329817834
3.125878594249201
3.12488022995848
3.123882503192848
3.124162144909033
3.1244416081684747
3.1247208931419457
3.125
3.1252789289129743
3.124282982791587
3.12456196240841
3.12484076433121
3.1251193887297037
3.1253978357733927
3.1244034362074453
3.1246819338422394
3.124960254372019
3.12396694214876
3.1242453129965044
3.124523506988564
3.1248015242934266
3.123809523809524
3.124087591240876
3.1230964467005076
3.1233745639073898
3.1236525047558654
3.1239302694136293
3.122940430925222
3.123218245169465
3.1222292590246994
3.1225071225071224
3.1227848101265825
3.123062322049984
3.1220746363061354
3.1223521972810624
3.122629582806574
3.122906793048973
3.1231838281743527
3.122197663403852
3.121212121212121
3.121489428841906
3.1217665615141956
3.122043519394513
3.1223203026481716
3.122596911440277
3.122873345935728
3.1218897637795275
3.1221662468513856
3.1224425558703177
3.121460037759597
3.1217363950927965
3.1220125786163524
3.1222885884941842
3.1225644248900064
3.121583411875589
3.121859296482412
3.1221350078492938
3.12241054613936
3.1226859115155317
3.122961104140527
3.123236124176858
3.1235109717868337
3.1237856471325602
3.1240601503759398
3.1243344816786722
3.1246086412022542
3.124882629107981
3.125156445556946
3.1254300907100405
3.125703564727955
3.1259768677711786
3.125
3.1252733520774756
3.125546533416615
3.1258195441773338
3.126092384519351
3.1251170046801873
3.124142233312539
3.123168069847209
3.1221945137157108
3.121221564350265
3.1202492211838004
3.1205232014948616
3.12079701120797
3.121070650482415
3.121344119477287
3.1203732503888024
3.120646766169154
3.1196767174386073
3.119950279676818
3.12022367194781
3.120496894409938
3.119528096864328
3.1198013656114214
3.1200744647843623
3.120347394540943
3.12062015503876
3.120892746435214
3.1211651688875115
3.121437422552664
3.1217095075874886
3.1207430340557276
3.121015165583411
3.121287128712871
3.121558923600371
3.1218305504019788
3.1221020092735703
3.1211372064276883
3.1214087117701577
3.121680049413218
3.1219512195121952
3.1222222222222222
3.1224930576982413
3.122763726095003
3.1230342275670675
3.123304562268804
3.1235747303543913
3.123844731977819
3.1241145672928856
3.123152709359606
3.123422591566636
3.1236923076923078
3.12396185788988
3.124231242312423
3.124500461112819
3.1247695144437615
3.1250384024577573
3.1253071253071254
3.1255756831439974
3.1258440761203192
3.126112304387849
3.1263803680981597
3.125421649800675
3.125689760882894
3.1259577076310143
3.1262254901960786
3.126493108728943
3.1267605633802815
3.1270278543005814
3.1260709914320683
3.1251147139798103
3.1241590214067276
3.1244267808009782
3.1246943765281174
3.1249618087381608
3.12400733048259
3.124274809160305
3.1245421245421245
3.1248092767775404
3.1250762660158635
3.1253430924062213
3.125609756097561
3.1258762572386467
3.1249238269347956
3.1239719768504415
3.123020706455542
3.1232876712328768
3.1235544735240413
3.123821113477335
3.124087591240876
3.1243539069626025
3.123404255319149
3.123670616833789
3.123936816524909
3.1242028545399334
3.124468731026108
3.1247344461305007
3.125
3.1240521686381557
3.124317768344451
3.124583207032434
3.124848484848485
3.1251136019388066
3.1253785584494245
3.125643354526188
3.12590799031477
3.1261724659606656
3.1264367816091956
3.1267009374055035
3.1269649334945586
3.1272287700211545
3.1274924471299093
3.1277559649652673
3.1280193236714977
3.1270751584666465
3.127338563669282
3.127601809954751
3.1278648974668277
3.1269219173952365
3.127185051235684
3.1274480265140103
3.127710843373494
3.1267690454682326
3.127031908488862
3.127294613301234
3.1275571600481347
3.1266165413533833
3.126879134095009
3.127141568981064
3.1274038461538463
3.127665965755482
3.127927927927928
3.128189732812969
3.127250900360144
3.1275127512751277
3.1265746850629874
3.1268365817091452
3.1270983213429258
3.1261612226550795
3.126423007789095
3.1266846361185983
3.125748502994012
3.126010176593834
3.1262716935966486
3.1253365240801676
3.125598086124402
3.124663677130045
3.1249252839210997
3.125186734389005
3.1254480286738353
3.125709166915497
3.1259701492537313
3.126230975828111
3.126491646778043
3.126752162242768
3.125819916517591
3.126080476900149
3.126340882002384
3.126601131963062
3.126861226920786
3.125930336409646
3.126190476190476
3.1252603391847664
3.1255205234979178
3.1257805530776093
3.126040428061831
3.12630014858841
3.1253713606654783
3.1256311256311258
3.125890736342043
3.1261501929355893
3.1252225519287835
3.1254820528033225
3.125741399762752
3.1260005929439667
3.126259632483699
3.1265185185185187
3.126777251184834
3.1270358306188926
3.127294256956779
3.1275525303344183
3.126627218934911
3.126885536823425
3.1259609698403312
3.126219331953887
3.1264775413711585
3.1267355982274743
3.125812167749557
3.126070268674343
3.126328217237308
3.1265860135733257
3.1268436578171093
3.125921557062813
3.126179245283019
3.1264367816091956
3.126694166175604
3.1269513991163476
3.127208480565371
3.1274654106564617
3.127722189523249
3.127978817299206
3.1282352941176472
3.127315495442517
3.1275720164609053
3.127828386717602
3.128084606345476
3.128340675477239
3.127422196124486
3.127678309363076
3.1279342723004695
3.128190085068935
3.1284457478005865
3.128701260627382
3.1289566236811255
3.1292118370934663
3.129466900995899
3.129721815519766
3.129976580796253
3.129060579455663
3.1281451141018137
3.128400116993273
3.127485380116959
3.1277404267757967
3.1279953243717125
3.1282500730353493
3.1273364485981308
3.1264233576642337
3.1255107997664915
3.1257659760723664
3.1248541423570595
3.1251093613298337
3.1253644314868803
3.125619352958321
3.125874125874126
3.126128750364113
3.12638322655795
3.1254730713245995
3.1245634458672877
3.123654349723596
3.1239092495636998
3.1241640011631286
3.1232558139534885
3.122348154606219
3.1226031377106334
3.1228579726982284
3.1231126596980254
3.123367198838897
3.1236215902495648
3.1238758340586017
3.1241299303944317
3.124383879385329
3.1246376811594203
3.123732251521298
3.1239860950173814
3.1242397914856648
3.1244933410538507
3.123589001447178
3.1238425925925926
3.1240960370263235
3.124349334875651
3.1246024862677073
3.12485549132948
3.125108350187807
3.125361062969382
3.1256136298007506
3.1258660508083143
3.126118326118326
3.125216387766878
3.1243149697144506
3.1234140715109575
3.123666762755837
3.123919308357349
3.1241717084413714
3.1232718894009217
3.122372588540167
3.1226252158894647
3.121726618705036
3.1219792865362486
3.1222318090307737
3.1224841863139736
3.1227364185110664
3.1229885057471263
3.122091353059466
3.122343480758185
3.122595463680735
3.121699196326062
3.1219512195121952
3.1222030981067124
3.122454832234012
3.1227064220183487
3.122957867583835
3.1232091690544412
3.123460326553996
3.1237113402061856
3.1239622101345548
3.124212936462507
3.124463519313305
3.1247139588100685
3.124964255075779
3.1252144082332762
3.1254644184052585
3.125714285714286
3.125964010282776
3.1262135922330097
3.126463031687125
3.1267123287671232
3.1269614835948647
3.1260695949800343
3.12631879098945
3.1265678449258836
3.126816756910801
3.127065527065527
3.1273141555112502
3.1275626423690204
3.126672359806433
3.126920887877063
3.1271692745376956
3.1262798634812285
3.126528291157236
3.1256395679363274
3.12588803637397
3.1261363636363635
3.1263845498437943
3.126632595116411
3.1268804995742263
3.127128263337117
3.1273758865248227
3.1264889393079978
3.1267366033456194
3.126984126984127
3.12609804477189
3.126345609065156
3.126593033135089
3.126840317100793
3.127087461081234
3.127334465195246
3.1275813295615276
3.1278280542986425
3.128074639525021
3.12832108535896
3.128567391918621
3.128813559322034
3.129059587687094
3.129305477131564
3.1295512277730735
3.12979683972912
3.1300423131170665
3.1302876480541455
3.130532844657457
3.1307779030439686
3.1310228233305155
3.131267605633803
3.131512250070403
3.1317567567567566
3.1320011258091753
3.132245357343838
3.1313642756680733
3.1316085489313834
3.131852684846781
3.132096683530073
3.131216633885923
3.1303370786516855
3.130581297388374
3.1308253790005613
3.131069323603705
3.1301907968574634
3.130434782608696
3.13067863151991
3.1309223437061955
3.131165919282511
3.1314093583636873
3.1316526610644257
3.1318958274993
3.1310190369540876
3.1312622446123703
3.131505316172356
3.1306293706293706
3.1297539149888145
3.1299972043611963
3.130240357741755
3.1293657446214027
3.129608938547486
3.1298519966489806
3.1300949190396428
3.1292213229137595
3.1294642857142856
3.1297071129707112
3.1299498047964307
3.1301923613047116
3.130434782608696
3.1306770688213987
3.13091922005571
3.1311612364243944
3.131403118040089
3.1316448650153075
3.1318864774624373
3.132127955493741
3.132369299221357
3.1314984709480123
3.130628126737076
3.1308696860238956
3.13
3.130241599555679
3.130483064963909
3.130724396336386
3.130965593784684
3.130097087378641
3.1303383250138657
3.129470474078181
3.1297117516629713
3.1288445552784703
3.1290858725761774
3.1293270562171145
3.129568106312292
3.1298090229725988
3.130049806308799
3.1302904564315353
3.129424778761062
3.128559579762234
3.128800442233278
3.129041171594363
3.129281767955801
3.1295222314277824
3.1297625621203755
3.1300027601435274
3.130242825607064
3.1304827586206896
3.130722559293988
3.130962227736421
3.131201764057332
3.131441168365941
3.13168044077135
3.1319195813825393
3.131057268722467
3.131296449215524
3.131535498073748
3.130674002751032
3.130913091309131
3.1311520483915314
3.131390874106652
3.131629568562792
3.131868131868132
3.1321065641307335
3.1323448654585393
3.132583035959374
3.132821075740944
3.1330589849108366
3.133296763576522
3.132437619961612
3.1326754385964914
3.1318169361468895
3.132054794520548
3.132292522596549
3.1325301204819276
3.1327675882836026
3.1330049261083746
3.1332421340629275
3.1323851203501096
3.1326223680612526
3.131765992345544
3.132003279584586
3.1311475409836067
3.131384867522535
3.1316220644456583
3.130767130767131
3.131004366812227
3.1312414733969987
3.131478450627387
3.131715298609217
3.1319520174482007
3.132188607249932
3.132425068119891
3.1326614001634434
3.132897603485839
3.1331336781922134
3.1333696243875884
3.133605442176871
3.133841131664853
3.1340766929562145
3.1343121261555194
3.1345474313672193
3.134782608695652
3.1339309970116815
3.134166214014123
3.1333152321477056
3.1335504885993486
3.1337856173677068
3.134020618556701
3.1342554922701384
3.1344902386117135
3.1347248576850095
3.1349593495934958
3.135193714440531
3.1354279523293607
3.1356620633631196
3.1358960476448297
3.136129905277402
3.1352813852813854
3.1355152826616175
3.1357490535424555
3.1359826980264938
3.136216216216216
3.135368819238044
3.135602377093463
3.1358358088036726
3.134989200863931
3.1352226720647773
3.135456017269293
3.135689236579444
3.1359223300970873
3.1361552979239686
3.136388140161725
3.1366208569118834
3.136853448275862
3.137085914354969
3.137318255250404
3.1364737550471062
3.1367061356297095
3.136938391175679
3.1371705217859063
3.1374025275611723
3.1376344086021506
3.137866165009406
3.138097796883396
3.1372549019607843
3.137486573576799
3.1377181208053693
3.1379495437466454
3.1381808425006708
3.1373390557939915
3.1375703942075623
3.136729222520107
3.1369606003752346
3.137191854233655
3.1374229841950174
3.1376539903588645
3.136813922356091
3.137044967880086
3.1372758897511375
3.137506688068486
3.137737362931265
3.137967914438503
3.1381983426891207
3.138428647781935
3.1386588298156557
3.138888888888889
3.1391188251001334
3.1393486385477845
3.139578329330131
3.1398078975453574
3.1400373432915445
3.1402666666666668
3.1404958677685952
3.140724946695096
3.139888089528377
3.1401172083111346
3.1392809587217045
3.1395101171459
3.139739153579984
3.139968068121341
3.1391327480712956
3.1393617021276596
3.139590534432332
3.139819245082403
3.1400478341748603
3.139213602550478
3.1383798140770254
3.138608603292618
3.138837271037961
3.1380042462845013
3.138232953037941
3.1384615384615384
3.137629276054097
3.1378579003181337
3.138086403392526
3.138314785373609
3.1374834437086094
3.13771186440678
3.137940164151443
3.138168343038645
3.138396401164329
3.1386243386243384
3.138852155514414
3.1390798519301955
3.1382500660851176
3.138477801268499
3.1387054161162484
3.138932910723719
3.138104040137312
3.1383315733896517
3.1375032990234892
3.137730870712401
3.13795832234239
3.138185654008439
3.138412865805431
3.1375856615709012
3.137812911725955
3.138040042149631
3.138267052936529
3.138493944181148
3.1387207159778887
3.1389473684210527
3.138121546961326
3.138348237769595
3.138574809361031
3.138801261829653
3.1390275952693822
3.139253809774041
3.1394799054373523
3.139705882352941
3.1399317406143346
3.1401574803149606
3.1403831015481503
3.1406086044071353
3.140833988985051
3.1400104876769794
3.1391874180865007
3.138364779874214
3.13859051611213
3.1377684651650077
3.1379942393296676
3.13717277486911
3.1373985867573935
3.137624280481423
3.136803557415642
3.1370292887029287
3.1362091503267973
3.1364349189754313
3.136660569636791
3.1368861024033436
3.137111517367459
3.13733681462141
3.137561994257374
3.137787056367432
3.138012001043569
3.1382368283776736
3.1374185136897
3.1376433785192908
3.1378681261402135
3.1380927566440855
3.138317270122428
3.138541666666667
3.1387659463681334
3.1389901093180637
3.1381733021077283
3.13735691987513
3.1375812743823146
3.137805512220489
3.138029633480634
3.137214137214137
3.1374382956612106
3.137662337662338
3.1378862633082316
3.138110072689512
3.1383337658967037
3.138557343020239
3.138780804150454
3.1390041493775933
3.1392273787918072
3.139450492483152
3.139673490541591
3.139896373056995
3.139083139083139
3.1393060590367683
3.138493398912762
3.1387163561076603
3.1379042690815004
3.1381272633212625
3.1383501422291182
3.1375387797311274
3.1377616955285603
3.137984496124031
3.1382071816068198
3.1384297520661155
3.1386522075910146
3.1388745482705214
3.1380645161290324
3.1372549019607843
3.1364457054423522
3.1366683857658586
3.136890951276102
3.136082474226804
3.1363050760113373
3.136527563111798
3.136749935616791
3.13697219361483
3.1371943371943374
3.137416366443644
3.1376382814509904
3.1378600823045266
3.1380817690923117
3.1383033419023136
3.1385248008224105
3.1387461459403907
3.138967377343951
3.1391884951206985
3.1394094993581514
3.1396303901437372
3.1398511675647933
3.1400718317085685
3.1392664785842523
3.1394871794871797
3.1397077672391696
3.1399282419272168
3.1391237509607994
3.139344262295082
3.139564660691421
3.139784946236559
3.1400051190171485
3.140225179119754
3.1404451266308517
3.1406649616368285
3.1398619278956788
3.140081799591002
3.14030155890621
3.14052120592744
3.1397190293742017
3.138917262512768
3.1391370947153434
3.139356814701378
3.138555754018882
3.1387755102040815
3.138995154297373
3.1392146863844976
3.139434106551109
3.1386340468909277
3.1378343949044587
3.1380539989811513
3.1382734912146675
3.1384928716904277
3.137694069737847
3.1379134860050892
3.1381327906385144
3.138351983723296
3.1385710653445207
3.1377732587697
3.137992376111817
3.1371951219512195
3.13741427482855
3.136617572371762
3.1368367605991367
3.1370558375634516
3.1372748033494036
3.1364789446981227
3.136697945726604
3.135902636916836
3.136121673003802
3.1353269133299544
3.135545984291867
3.1357649442755826
3.135983793365409
3.1362025316455697
3.1364211592002027
3.13663967611336
3.136858082469011
3.137076378351037
3.1372945638432364
3.1375126390293224
3.137730603992924
3.1379484588175846
3.1381662035867643
3.1383838383838385
3.137591517293613
3.137809187279152
3.1380267474135755
3.1372351160443994
3.137452711223203
3.1376701966717095
3.136879253844215
3.1370967741935485
3.1373141849332327
3.137531486146096
3.137748677914883
3.1379657603222557
3.138182733450793
3.1373930548565676
3.1366037735849055
3.13682092555332
3.1370379683178276
3.1372549019607843
3.1374717265644634
3.137688442211055
3.1379050489826676
3.137117026619789
3.1373336680893797
3.1365461847389557
3.136762860727729
3.1359759157049676
3.1361926260346125
3.1364092276830493
3.1356229631486587
3.1358395989974936
3.136056126284139
3.1362725450901805
3.1364888554971198
3.1357035553329995
3.1359198998748434
3.136136136136136
3.1363522641981487
3.1365682841420712
3.1357839459864967
3.136
3.135216195951012
3.135432283858071
3.1356482638021483
3.1358641358641357
3.136079900124844
3.1362955566650026
3.1355128525081106
3.1357285429141717
3.1359441257171365
3.136159600997506
3.136374968835702
3.136590229312064
3.1368053825068527
3.137020428500249
3.136239103362391
3.1364541832669324
3.136669156086632
3.1368840219014436
3.1370987807912414
3.136318407960199
3.136533200696344
3.1367478866235703
3.1369624658215263
3.137176938369781
3.137391304347826
3.1366120218579234
3.1358331263968213
3.1360476663356502
3.1362620997766193
3.1364764267990073
3.1366906474820144
3.136904761904762
3.1361269526407143
3.1363411006445214
3.1365551425030977
3.136769078295342
3.1369829081000744
3.1371966319960376
3.1374102500618966
3.1376237623762377
3.1368473150210345
3.136071251855517
3.136284936928024
3.135509396636993
3.1357231149567366
3.135936727632229
3.1351618482826784
3.1353754940711465
3.135589034329464
3.1358024691358026
3.1360157985682546
3.1362290227048373
3.1364421416234887
3.135668475579674
3.135881627620222
3.136094674556213
3.1363076164653685
3.136520453425333
3.1367331855136733
3.1369458128078818
3.137158335385373
3.137370753323486
3.1365985724833867
3.1368110236220472
3.1370233702337025
3.1362518445646828
3.1364642242439142
3.136676499508358
3.1368886704349963
3.136117936117936
3.1363301400147385
3.1365422396856584
3.136754235207464
3.1369661266568483
3.1371779141104295
3.13738959764475
3.137601177336277
3.136831780284453
3.1370433929884776
3.1372549019607843
3.13648615535408
3.135717785399314
3.135929463629684
3.1351616062683645
3.135373317013464
3.1355849241311797
3.135796427697578
3.1350293542074366
3.1352408901932014
3.135452322738386
3.135663651918846
3.1358748778103616
3.136086000488639
3.136297020029311
3.1365079365079365
3.1357421875
3.134976812301684
3.135187896534895
3.135398877775067
3.135609756097561
3.135820531577664
3.13603120429059
3.1362417743114794
3.1364522417153995
3.1366626065773446
3.135898684851437
3.136109082055028
3.1353456669912365
3.1355560963738136
3.1357664233576643
3.135976648017514
3.135214007782101
3.135424264527109
3.135634419056879
3.1358444714459295
3.1360544217687076
3.1352926888511052
3.1345313258863525
3.1347414420975963
3.1349514563106795
3.1351613685998543
3.1353711790393013
3.13461072034926
3.1348205625606207
3.135030303030303
3.135239941832283
3.1354494790404654
3.13468992248062
3.1348994914022765
3.1351089588377725
3.1353183248608083
3.1355275895450143
3.1357367529639486
3.134978229317852
3.135187424425635
3.134429400386847
3.134638627024414
3.134847752537458
3.135056776999275
3.135265700483092
3.1354745230620624
3.135683244809271
3.1358918657977313
3.135135135135135
3.1353437876960193
3.135552339604438
3.134796238244514
3.1350048216007713
3.1352133044107013
3.1354216867469877
3.1346663454589256
3.1348747591522157
3.1350830724777268
3.135291285507944
3.135499398315283
3.1357074109720884
3.1359153235506376
3.1361231361231363
3.1353690791055544
3.1355769230769233
3.13578466714732
3.1359923113887556
3.1361998558731683
3.1354466858789625
3.135654261704682
3.1349015842534804
3.1351091912646987
3.13531669865643
3.13552410650036
3.1347721822541965
3.1349796211939585
3.135186960690316
3.1353942008147615
3.135601341638716
3.1348502994011977
3.1350574712643677
3.135264543931051
3.135471517472475
3.135678391959799
3.135885167464115
3.136091844056446
3.1362984218077474
3.1365049007889074
3.135755258126195
3.1359617682198326
3.1361681796464405
3.1363744924767136
3.1365807067812796
3.1367868226306994
3.1369928400954654
3.1371987592460036
3.1364503816793894
3.1357023610779873
3.135908440629471
3.135160905840286
3.13441372735939
3.1346199666428403
3.133873272987137
3.1340795427482733
3.1333333333333333
3.133539633420614
3.1327939076630176
3.1330002379252915
3.132254995242626
3.132461355529132
3.1326676176890156
3.1319229855003567
3.13212927756654
3.132335471608458
3.1315914489311165
3.1317976727618144
3.1320037986704654
3.132209826726798
3.1324157570004747
3.131672597864769
3.1318785578747628
3.131135878586673
3.130393551446183
3.1305996681678123
3.1298578199052134
3.1300639658848612
3.1302700142112743
3.130475964953824
3.1306818181818183
3.1308875739644972
3.1310932323710365
3.1312987934705463
3.1315042573320717
3.1317096240245923
3.1319148936170214
3.131174663200189
3.1313799621928164
3.1315851641861565
3.131790269248937
3.131995277449823
3.1312559017941455
3.1314609393438753
3.1316658801321378
3.131870724227412
3.1320754716981134
3.1322801226125914
3.1315417256011315
3.131746405844921
3.131950989632422
3.132155477031802
3.1323598681111635
3.132564162938545
3.132768361581921
3.1329724641092023
3.1331764705882352
3.1333803810868033
3.1335841956726247
3.133787914413355
3.1339915373765868
3.1332549941245595
3.132518796992481
3.1327225745830396
3.1329262564584313
3.1331298426860767
3.1333333333333333
3.133536728467496
3.1328015016424215
3.1330049261083746
3.1332082551594747
3.133411488862837
3.1336146272855134
3.1328802437309586
3.133083411433927
3.1332864839540875
3.1334894613583137
3.133692343713416
3.1329588014981273
3.133161713082144
3.133364529714553
3.132631578947368
3.1328344246959774
3.133037175590367
3.1323048153342685
3.1325075952325308
3.1317757009345795
3.131978509693997
3.13218122372723
3.1323838431006306
3.1325863678804855
3.132788798133022
3.132991133924405
3.133193375320737
3.1333955223880596
3.1335975751923524
3.1337995337995337
3.133069214635283
3.1332712022367195
3.1334730957372465
3.1327433628318584
3.1329452852153667
3.133147113594041
3.1333488480335117
3.1335504885993486
3.13375203535706
3.1330232558139537
3.13322483143455
3.1334263133426314
3.1336277016035323
3.132899628252788
3.133101045296167
3.133302368787738
3.133503598792663
3.1337047353760448
3.1339057786029243
3.1331786542923434
3.132451867316168
3.13265306122449
3.132854161836309
3.1330551692165045
3.1323290845886445
3.1325301204819276
3.13273106323836
3.132005558128763
3.132206529289187
3.1324074074074075
3.1326081925480214
3.132808884775567
3.133009484154522
3.133209990749306
3.1334104046242777
3.132686084142395
3.1328865264617516
3.133086876155268
3.1332871332871335
3.133487297921478
3.1336873701223737
3.133887349953832
3.134087237479806
3.133364097831103
3.1335640138408305
3.1337638376383765
3.133963569287526
3.1341632088520055
3.133440884996543
3.133640552995392
3.133840129002534
3.1331183786273606
3.1323969606262954
3.132596685082873
3.132796317606444
3.1329958582604696
3.132275132275132
3.1324747010119594
3.1326741779719476
3.1328735632183906
3.1330728568145254
3.1323529411764706
3.1325522628072595
3.1327514928801103
3.132950631458094
3.133149678604224
3.133348634381455
3.1335474988526846
3.1337462720807525
3.13302752293578
3.13322632423756
3.1334250343878955
3.1336236534494613
3.1338221814848763
3.134020618556701
3.1342189647274394
3.1344172200595373
3.1346153846153846
3.133897917143511
3.134096109839817
3.1333790894532143
3.1335773101555353
3.133775440201235
3.133973479652492
3.1341714285714284
3.13436928702011
3.134567055060544
3.1347647327546824
3.134962320164421
3.1342465753424658
3.1335311572700295
3.132816065723414
3.1330139174081677
3.1322992700729926
3.132497149372862
3.1326949384404923
3.1319808525188058
3.132178669097539
3.1323763955342905
3.1325740318906607
3.131860624003644
3.1320582877959926
3.1322558615979967
3.132453345471097
3.132650739476678
3.132848043676069
3.1330452581305437
3.1332423829013187
3.1325301204819276
3.132727272727273
3.132924335378323
3.133121308496138
3.1333181921417217
3.1335149863760217
3.133711691259932
3.1339083068542894
3.1331971862945314
3.133393829401089
3.1335903833068723
3.1328798185941045
3.1330763999093176
3.1332728921124207
3.13256288239293
3.132759401903036
3.1329558323895808
3.1331521739130435
3.1333484265338467
3.1335445903123587
3.132835483140982
3.132126696832579
3.132323003845284
3.132519222071461
3.1327153515713317
3.132911392405063
3.1322033898305084
3.132399457749661
3.1316918906708833
3.131887985546522
3.1320839918717542
3.132279909706546
3.1315730083502595
3.131768953068592
3.131964809384164
3.1321605773567884
3.132356257046223
3.1316501352569883
3.13184584178499
3.1320414601171698
3.1322369903131335
3.1324324324324326
3.1326277865345644
3.1328230526789733
3.1330182309250505
3.1332133213321334
3.133408323959505
3.133603238866397
3.1337980661119857
3.133992805755396
3.1332883794111037
3.1334831460674155
3.1336778252078186
3.133872416891285
3.1340669211767347
3.1342613381230353
3.134455667789001
3.134649910233393
3.1348440655149203
3.135038133692239
3.1352321148239515
3.1354260089686097
3.135619816184712
3.1358135365307036
3.1360071700649788
3.1362007168458783
3.1363941769316908
3.136587550380654
3.1367808372509516
3.1369740376007162
3.1371671514880286
3.1373601789709173
3.1375531201073583
3.137745974955277
3.1379387435725463
3.138131426016987
3.137430167597765
3.136729222520107
3.1360285905740453
3.1362215274676193
3.136414378209422
3.1357142857142857
3.1359071635795583
3.1352074966532797
3.134508141869284
3.1347011596788583
3.1348940914158305
3.1341952741863577
3.134388232672164
3.1336898395721926
3.133882824682557
3.134075723830735
3.1342685370741483
3.1344612644701693
3.1346539060761183
3.133956386292835
3.1332591768631812
3.1334519572953736
3.133644651990216
3.132947976878613
3.1331406979328738
3.1333333333333333
3.1335258831370805
3.1328298533984897
3.1321341328003554
3.1323268206039074
3.132519422863485
3.132711939636041
3.132904370978478
3.1322094055013308
3.1324018629407853
3.1325942350332596
3.1327865218355133
3.13209219858156
3.1313981830268114
3.131590607000443
3.1308970099667772
3.1310894596988486
3.13039628071729
3.1305887560867642
3.130781146271299
3.1309734513274337
3.1311656713116567
3.131357806280407
3.1315498562900728
3.131741821396994
3.1319337016574584
3.1312417145382234
3.131433620499227
3.131625441696113
3.1318171781850297
3.1311258278145697
3.130434782608696
3.1306266548984993
3.130818442532539
3.131010145566828
3.1303197353914003
3.130511463844797
3.1307031077804717
3.130894667254297
3.130204890945142
3.1295154185022027
3.1297071129707112
3.1290180537208276
3.128329297820823
3.1285211267605635
3.128712871287129
3.1280246370435547
3.1282164064218168
3.1284080914687773
3.127720378105078
3.127912087912088
3.1281037134695673
3.1274165202108963
3.1276081704370746
3.1277997364953887
3.1279912184412733
3.1281826163301143
3.1274961597542243
3.1276875822729266
3.1278789208159683
3.1280701754385967
3.12826134619601
3.1275756247259974
3.1277668200745126
3.1279579316389134
3.1272727272727274
3.1274638633377134
3.127654915699584
3.12784588441331
3.1280367695338147
3.128227571115974
3.128418289214614
3.1286089238845145
3.128799475180407
3.128989943156974
3.1283060109289615
3.1284965034965033
3.1286869128249943
3.128003494975972
3.128193928805416
3.1283842794759824
3.1285745470421307
3.1287647315582716
3.1289548330787693
3.1291448516579408
3.1293347873500545
3.1295246402093326
3.12971441028995
3.1299040976460333
3.1300937023316626
3.1302832244008716
3.1304726639076454
3.1306620209059233
3.130851295449597
3.131040487592512
3.1312295973884656
3.13141862489121
3.1316075701544484
3.1317964332318398
3.131985214176995
3.1321739130434785
3.1323625298848077
3.1325510647544546
3.132739517705844
3.1329278887923544
3.133116178067318
3.133304385584021
3.133492511395702
3.1336805555555554
3.1338685181167283
3.134056399132321
3.133376707872479
3.1335646140503037
3.133752438760026
3.133940182054616
3.134127843986999
3.134315424610052
3.134502923976608
3.1346903421394545
3.1348776791513315
3.135064935064935
3.135252109932915
3.134573777585461
3.134760977720095
3.134948096885813
3.135135135135135
3.135322092520536
3.1355089690944458
3.135695764909248
3.1358824800172824
3.136069114470842
3.1353919239904986
3.134715025906736
3.134901791495791
3.1350884764782045
3.135275080906149
3.1354616048317516
3.135648048307095
3.1358344113842174
3.136020694115111
3.135344827586207
3.1355311355311355
3.135717363205515
3.1359035106612105
3.1352282515073213
3.135414424111948
3.1356005165733967
3.134925758553906
3.1351118760757317
3.1352979135297914
3.1346236559139786
3.1348097183401418
3.1349957007738607
3.1351816032667097
3.135367425870219
3.1355531686358753
3.1357388316151202
3.1359244148593515
3.1361099184199226
3.1354367890105173
3.1356223175965665
3.1358077665736968
3.135135135135135
3.135320609049968
3.1355060034305318
3.135691318327974
3.1358765537933992
3.136061709877866
3.1362467866323906
3.136431784107946
3.1366167023554605
3.136801541425819
3.136986301369863
3.137170982238391
3.1373555840821568
3.137540106951872
3.1377245508982035
3.1379089159717766
3.1380932022231725
3.138277409702928
3.1384615384615384
3.1386455885494553
3.138829560017087
3.1390134529147984
3.139197267292912
3.1393810032017075
3.139564660691421
3.138894815446981
3.1390784982935154
3.138409042439753
3.138592750533049
3.1379236836495417
3.1381074168797953
3.1374387385467717
3.1376224968044313
3.1378061767838124
3.1371379897785348
3.137321694698744
3.1375053214133675
3.1376888699723344
3.137872340425532
3.138055732822804
3.1382390472139514
3.138422283648735
3.1386054421768708
3.138788522848034
3.138121546961326
3.137454854472063
3.1376380628717078
3.137821193459333
3.1380042462845013
3.138187221396731
3.1383701188455007
3.138552938680246
3.1387356809503606
3.1389183457051963
3.138252756573367
3.138435446258215
3.1377702416278086
3.1379529561347743
3.138135593220339
3.1383181529337003
3.1385006353240152
3.138683040440398
3.1388653683319223
3.139047619047619
3.139229792636479
3.1394118891474507
3.1395939086294415
3.139775851131317
3.1399577167019026
3.140139505389981
3.1403212172442942
3.139657722374815
3.1398394592310943
3.1391763463569164
3.139358108108108
3.1395397931180073
3.139721401435205
3.139902933108251
3.140084388185654
3.1402657667158826
3.1396035428089415
3.1389415981446342
3.139123102866779
3.139304531085353
3.1386430678466075
3.1379818832947124
3.1381634372367313
3.138344914718888
3.138526315789474
3.1387076404967376
3.138047138047138
3.138228487271197
3.1384097602019354
3.138590956887487
3.138772077375946
3.138112255623292
3.137452711223203
3.137633956713595
3.13781512605042
3.1379962192816637
3.1381772364552707
3.1383581776191476
3.138539042821159
3.138719832109129
3.1389005455308436
3.1390811831340466
3.1384228187919465
3.138603480813588
3.138784067085954
3.138964577656676
3.1391450125733447
3.1393253718835115
3.139505655634688
3.138848167539267
3.1390284757118927
3.13920870839439
3.1385516952699875
3.138731952291274
3.1380753138075312
3.137418950010458
3.137599330823923
3.1369433409993728
3.137123745819398
3.1373040752351096
3.136648558295027
3.13682891163568
3.137009189640769
3.137189392357486
3.1365344467640917
3.136714673345857
3.1368948247078463
3.1370749008971415
3.1364205256570714
3.1366006256517207
3.1367806505421183
3.1361267458828435
3.1363067944977074
3.1356532610960617
3.1358333333333333
3.136013330556134
3.1361932528113288
3.1355402873204246
3.135720233139051
3.1350676378772113
3.1352476071577193
3.135427501560225
3.1356073211314475
3.13578706591807
3.135966735966736
3.136146331324049
3.1363258520365753
3.1365052981508414
3.136684669713336
3.136863966770509
3.1370431893687707
3.1372223375544945
3.137401411374014
3.136750363145881
3.136929460580913
3.1371084837170713
3.137287432600581
3.137466307277628
3.13681592039801
3.1361658031088084
3.1363447990053874
3.1356950486844832
3.135874067937034
3.135224684199627
3.1345755693581783
3.134754709169944
3.1349337748344372
3.1351127663976825
3.135291683905668
3.1346432264736297
3.133995037220844
3.134174074839777
3.1343530384456386
3.134531928084315
3.134710743801653
3.134889485643462
3.135068153655514
3.135246747883543
3.135425268373245
3.1356037151702787
3.1357820883202643
3.135960387868785
3.1353135313531353
3.134666941637451
3.1348453608247424
3.135023706452278
3.13520197856554
3.1353801772099734
3.1355583024309848
3.1357363542739445
3.1359143327841843
3.136092238007
3.136270069987649
3.1356246141181314
3.1358024691358026
3.1359802509771653
3.1361579596873717
3.136335595311536
3.135690789473684
3.135868448098664
3.136046033703247
3.136223546332443
3.1364009860312243
3.1365783528445266
3.1367556468172486
3.136932867994252
3.1371100164203614
3.1364662425610508
3.135822732868281
3.136
3.136177194421657
3.1363543161779783
3.1357113571135713
3.1358885017421603
3.1352459016393444
3.1354230690432288
3.134780827529701
3.134958017612124
3.135135135135135
3.1353121801432957
3.1354891526811297
3.1356660527931246
3.1358428805237315
3.1360196359173655
3.136196319018405
3.135555101206297
3.1357318070318887
3.1350909462497447
3.135267674703719
3.1346271705822266
3.1348039215686274
3.134980600367572
3.135157207023275
3.135333741579914
3.1355102040816325
3.1356865945725363
3.135862913096695
3.136039159698144
3.1362153344208807
3.1363914373088684
3.1365674684060334
3.1367434277562665
3.136919315403423
3.1362803014870644
3.135641547861507
3.135817552433313
3.1359934853420195
3.136169346631386
3.1363451363451365
3.1365208545269585
3.1366965012205044
3.136058572300183
3.1362342415616102
3.136409839398252
3.1365853658536587
3.136760820971347
3.136936204794799
3.136299004671948
3.1364744110479283
3.1366497461928935
3.1368250101502233
3.1370002029632635
3.137175324675325
3.1373503753296816
3.137525354969574
3.13688906915433
3.1370640713706406
3.1372390026353134
3.1366031617349006
3.13677811550152
3.1369529983792543
3.137127810411181
3.13730255164034
3.1374772221097387
3.1376518218623484
3.137016798218984
3.1371914204775395
3.137365972081732
3.1367313915857604
3.1369059656218403
3.137080469065912
3.1372549019607843
3.1366208569118834
3.1367953121842795
3.136969696969697
3.137144011310846
3.137318255250404
3.1374924288310115
3.1368591037545417
3.1370332996972756
3.1372074253430187
3.137381480734315
3.137555465913675
3.1377293809235733
3.1379032258064514
3.1380770006047167
3.1382507053607416
3.1376183759822687
3.137792103142627
3.1379657603222557
3.138139347563431
3.1383128649083956
3.138486312399356
3.1386596900784864
3.1388329979879277
3.139006236169785
3.1383748994368466
3.1385481600643477
3.137917169280257
3.1380904522613067
3.137459807073955
3.1376331123166565
3.1370028123744476
3.1371761397871056
3.1373493975903615
3.1375225858261393
3.137695704536331
3.1378687537627936
3.137239165329053
3.1374122367101305
3.137585238668271
3.137758171245238
3.1371291098636727
3.136500300661455
3.136673346693387
3.1368463233820876
3.137019230769231
3.1363909473262566
3.1357629154985984
3.135935935935936
3.1361088871096876
3.136281769061437
3.136454581832733
3.1358271654330867
3.136
